NP_001030613.1	NP_001030613.1	100.000	596	0	0	1	596	1	596	0.0	1209
NP_001030613.1	NP_186759.2	99.829	584	1	0	1	584	1	584	0.0	1186
NP_001030613.1	NP_001327195.1	99.829	584	1	0	1	584	47	630	0.0	1184
NP_001030613.1	NP_001327194.1	99.787	469	1	0	116	584	1	469	0.0	959
NP_001030613.1	NP_001320819.1	51.701	588	270	5	1	584	1	578	0.0	615
NP_001030614.1	NP_001030614.1	100.000	1050	0	0	1	1050	1	1050	0.0	2170
NP_001030614.1	NP_186780.3	99.432	1056	0	1	1	1050	1	1056	0.0	2163
NP_001030614.1	NP_001327831.1	100.000	1021	0	0	30	1050	1	1021	0.0	2111
NP_001030614.1	NP_568308.1	89.184	1054	105	8	1	1050	1	1049	0.0	1934
NP_001030614.1	NP_001330695.1	89.184	1054	105	8	1	1050	1	1049	0.0	1934
NP_001030615.2	NP_001030615.2	100.000	106	0	0	1	106	1	106	2.11e-74	215
NP_001030615.2	NP_001078080.1	57.547	106	40	1	1	106	1	101	1.01e-35	117
NP_001030615.2	NP_001078083.1	56.731	104	40	1	1	104	1	99	1.83e-34	114
NP_001030615.2	NP_001078082.1	53.846	104	43	1	1	104	1	99	1.24e-31	107
NP_001030615.2	NP_001078086.1	56.075	107	36	4	1	105	1	98	2.64e-31	106
NP_001030616.1	NP_186783.1	100.000	302	0	0	1	302	1	302	0.0	613
NP_001030616.1	NP_001030616.1	100.000	302	0	0	1	302	1	302	0.0	613
NP_001030616.1	NP_180566.1	89.073	302	33	0	1	302	1	302	0.0	564
NP_001030616.1	NP_201533.1	29.614	233	132	11	55	285	406	608	5.36e-12	66.6
NP_001030616.1	NP_201533.1	27.528	178	97	6	26	196	421	573	4.83e-07	51.6
NP_001030616.1	NP_192182.1	26.695	236	130	11	47	277	34	231	1.73e-10	61.6
NP_001030617.1	NP_186785.1	100.000	319	0	0	1	319	1	319	0.0	652
NP_001030617.1	NP_001030617.1	100.000	319	0	0	1	319	1	319	0.0	652
NP_001030617.1	NP_175919.1	25.547	274	189	10	1	268	1	265	1.12e-13	70.9
NP_001030617.1	NP_175920.2	23.887	247	176	8	4	246	5	243	3.28e-11	63.5
NP_001030617.1	NP_197487.1	22.449	147	110	3	123	268	121	264	1.11e-08	55.8
NP_001030619.1	NP_974206.1	100.000	619	0	0	1	619	1	619	0.0	1268
NP_001030619.1	NP_850492.1	100.000	619	0	0	1	619	1	619	0.0	1268
NP_001030619.1	NP_001030619.1	100.000	619	0	0	1	619	1	619	0.0	1268
NP_001030619.1	NP_566141.1	99.838	619	0	1	1	619	1	618	0.0	1263
NP_001030619.1	NP_001190309.1	77.029	653	108	9	1	619	1	645	0.0	967
NP_001030620.1	NP_186840.1	99.664	298	1	0	1	298	96	393	0.0	611
NP_001030620.1	NP_001030620.1	100.000	298	0	0	1	298	1	298	0.0	611
NP_001030620.1	NP_001078089.1	100.000	228	0	0	71	298	14	241	2.57e-170	471
NP_001030620.1	NP_177899.1	32.248	307	175	8	1	289	195	486	1.19e-45	165
NP_001030620.1	NP_174901.1	33.657	309	171	9	1	289	189	483	5.01e-45	163
NP_001030621.1	NP_974208.1	100.000	505	0	0	1	505	1	505	0.0	1036
NP_001030621.1	NP_001030621.1	100.000	505	0	0	1	505	1	505	0.0	1036
NP_001030621.1	NP_850499.1	100.000	368	0	0	138	505	1	368	0.0	747
NP_001030621.1	NP_181780.1	35.922	412	251	5	95	494	144	554	1.39e-79	261
NP_001030621.1	NP_001324554.1	35.922	412	251	5	95	494	144	554	1.39e-79	261
NP_001030623.1	NP_001030623.1	100.000	310	0	0	1	310	1	310	0.0	630
NP_001030623.1	NP_186900.3	100.000	307	0	0	1	307	1	307	0.0	624
NP_001030623.1	NP_186900.3	31.076	251	136	7	9	240	114	346	1.27e-24	102
NP_001030623.1	NP_001332343.1	88.599	307	35	0	1	307	1	307	0.0	561
NP_001030623.1	NP_197108.1	88.599	307	35	0	1	307	1	307	0.0	558
NP_001030623.1	NP_197108.1	31.474	251	135	7	9	240	114	346	4.00e-26	107
NP_001030623.1	NP_001326260.1	100.000	249	0	0	59	307	1	249	0.0	509
NP_001030623.1	NP_001326260.1	29.795	292	152	9	9	265	56	329	6.66e-25	102
NP_001030624.1	NP_186924.1	100.000	492	0	0	1	492	1	492	0.0	1011
NP_001030624.1	NP_001030624.1	100.000	492	0	0	1	492	1	492	0.0	1011
NP_001030624.1	NP_001030625.1	93.359	527	0	1	1	492	1	527	0.0	991
NP_001030624.1	NP_198474.1	55.604	455	154	4	38	492	41	447	2.26e-174	498
NP_001030624.1	NP_001330834.1	53.928	471	155	5	36	492	39	461	3.12e-170	488
NP_001030625.1	NP_001030625.1	100.000	527	0	0	1	527	1	527	0.0	1086
NP_001030625.1	NP_186924.1	93.359	527	0	1	1	527	1	492	0.0	991
NP_001030625.1	NP_001030624.1	93.359	527	0	1	1	527	1	492	0.0	991
NP_001030625.1	NP_198474.1	51.633	490	154	5	38	527	41	447	2.56e-166	479
NP_001030625.1	NP_001330834.1	50.198	504	154	6	38	527	41	461	3.52e-162	469
NP_001030626.1	NP_001030626.1	100.000	269	0	0	1	269	1	269	0.0	548
NP_001030626.1	NP_186936.1	99.262	271	0	1	1	269	1	271	0.0	543
NP_001030626.1	NP_001118558.1	98.155	271	0	2	1	269	1	268	0.0	532
NP_001030626.1	NP_564376.1	32.685	257	158	7	17	264	94	344	2.24e-34	127
NP_001030626.1	NP_001320164.1	28.926	242	150	4	7	240	83	310	2.55e-22	94.7
NP_001030627.1	NP_186951.1	100.000	179	0	0	1	179	1	179	2.25e-131	365
NP_001030627.1	NP_001326403.1	100.000	179	0	0	1	179	1	179	2.25e-131	365
NP_001030627.1	NP_001030627.1	100.000	179	0	0	1	179	1	179	2.25e-131	365
NP_001030627.1	NP_001326405.1	100.000	131	0	0	1	131	1	131	1.85e-93	268
NP_001030627.1	NP_001326404.1	100.000	131	0	0	1	131	1	131	1.85e-93	268
NP_001030628.1	NP_001030628.1	100.000	159	0	0	1	159	1	159	3.35e-120	335
NP_001030628.1	NP_566192.1	99.371	159	1	0	1	159	1	159	4.37e-119	333
NP_001030629.1	NP_001030629.1	100.000	428	0	0	1	428	1	428	0.0	895
NP_001030629.1	NP_566218.1	99.299	428	0	1	1	428	1	425	0.0	884
NP_001030629.1	NP_850510.1	99.065	428	0	1	1	428	1	424	0.0	881
NP_001030629.1	NP_851236.1	59.801	301	102	5	130	417	142	436	4.30e-117	351
NP_001030629.1	NP_568932.2	59.468	301	103	5	130	417	140	434	4.92e-117	351
NP_001030630.1	NP_566222.1	100.000	508	0	0	1	508	1	508	0.0	1058
NP_001030630.1	NP_001030630.1	100.000	508	0	0	1	508	1	508	0.0	1058
NP_001030630.1	NP_188906.1	40.136	441	252	6	66	500	115	549	1.47e-105	327
NP_001030630.1	NP_001322987.1	26.546	388	281	3	83	470	60	443	1.19e-49	177
NP_001030630.1	NP_001322987.1	21.053	361	229	8	153	506	62	373	2.40e-17	85.1
NP_001030630.1	NP_001322987.1	23.457	243	179	4	124	364	239	476	7.31e-11	64.7
NP_001030630.1	NP_001322987.1	19.588	291	222	6	31	315	181	465	7.46e-07	52.0
NP_001030630.1	NP_177860.2	26.546	388	281	3	83	470	96	479	2.59e-49	177
NP_001030630.1	NP_177860.2	21.053	361	229	8	153	506	98	409	1.99e-17	85.5
NP_001030630.1	NP_177860.2	23.361	244	180	4	123	364	274	512	9.60e-11	64.7
NP_001030630.1	NP_177860.2	19.588	291	222	6	31	315	217	501	1.12e-06	51.6
NP_001030631.1	NP_001030631.1	100.000	318	0	0	1	318	1	318	0.0	661
NP_001030631.1	NP_187087.2	99.373	319	1	1	1	318	1	319	0.0	656
NP_001030631.1	NP_171946.2	32.024	331	177	7	6	317	5	306	5.66e-47	160
NP_001030631.1	NP_565764.1	33.125	320	170	7	13	317	12	302	1.96e-46	159
NP_001030631.1	NP_199211.2	32.558	301	158	9	30	314	24	295	1.98e-33	125
NP_001030632.1	NP_001030632.1	100.000	81	0	0	1	81	1	81	4.78e-55	164
NP_001030632.1	NP_187104.2	77.500	80	18	0	1	80	1	80	1.30e-42	133
NP_001030632.1	NP_001031130.1	72.840	81	22	0	1	81	1	81	1.40e-40	128
NP_001030632.1	NP_974325.1	45.122	82	43	1	1	80	1	82	4.03e-12	56.6
NP_001030632.1	NP_001031470.1	39.506	81	45	3	1	79	1	79	8.77e-12	55.5
NP_001030634.1	NP_001030634.1	100.000	290	0	0	1	290	1	290	0.0	600
NP_001030634.1	NP_566236.1	99.301	286	2	0	1	286	1	286	0.0	587
NP_001030634.1	NP_198217.1	70.333	300	61	9	1	286	1	286	2.87e-138	394
NP_001030634.1	NP_565703.1	58.042	143	46	7	153	286	200	337	9.56e-44	153
NP_001030634.1	NP_565703.1	45.679	81	39	1	1	76	1	81	4.19e-14	72.4
NP_001030634.1	NP_849559.1	30.847	295	151	10	4	286	17	270	1.32e-27	109
NP_001030635.1	NP_001030635.1	100.000	455	0	0	1	455	1	455	0.0	925
NP_001030635.1	NP_001189808.1	99.781	456	0	1	1	455	225	680	0.0	923
NP_001030635.1	NP_187122.1	99.781	456	0	1	1	455	1	456	0.0	921
NP_001030635.1	NP_001031620.1	45.714	105	57	0	327	431	2	106	6.95e-21	95.9
NP_001030635.1	NP_001031620.1	32.456	114	77	0	327	440	369	482	4.62e-16	80.9
NP_001030635.1	NP_001031620.1	31.481	108	63	3	322	418	225	332	2.22e-07	53.5
NP_001030635.1	NP_192977.2	45.714	105	57	0	327	431	2	106	7.43e-21	95.5
NP_001030635.1	NP_192977.2	32.456	114	77	0	327	440	369	482	5.59e-16	80.5
NP_001030635.1	NP_192977.2	31.481	108	63	3	322	418	225	332	2.61e-07	53.5
NP_001030636.1	NP_001030636.1	100.000	87	0	0	1	87	1	87	2.70e-62	183
NP_001030637.1	NP_001030637.1	100.000	677	0	0	1	677	1	677	0.0	1418
NP_001030637.1	NP_187142.1	99.549	665	3	0	13	677	36	700	0.0	1389
NP_001030637.1	NP_001118576.1	100.000	574	0	0	104	677	1	574	0.0	1202
NP_001030637.1	NP_001031960.1	66.864	507	103	8	13	513	37	484	0.0	647
NP_001030637.1	NP_001332379.1	65.904	481	99	8	39	513	26	447	0.0	597
NP_001030638.1	NP_001030638.1	100.000	81	0	0	1	81	1	81	1.89e-56	168
NP_001030638.1	NP_001030745.1	57.317	82	29	2	1	81	1	77	4.12e-25	89.4
NP_001030638.1	NP_001030639.1	50.000	82	34	2	1	81	1	76	1.89e-21	80.1
NP_001030638.1	NP_001030746.1	51.190	84	31	3	1	81	1	77	5.87e-18	71.2
NP_001030638.1	NP_001031356.1	49.383	81	34	2	1	81	1	74	6.30e-17	68.6
NP_001030639.1	NP_001030639.1	100.000	76	0	0	1	76	1	76	1.03e-52	158
NP_001030639.1	NP_001030745.1	57.692	78	30	2	1	76	1	77	3.52e-23	84.0
NP_001030639.1	NP_001030638.1	50.000	82	34	2	1	76	1	81	1.78e-21	80.1
NP_001030639.1	NP_001030746.1	51.190	84	26	4	1	76	1	77	1.66e-18	72.4
NP_001030639.1	NP_001031356.1	46.914	81	31	2	1	76	1	74	4.24e-18	71.2
NP_001030640.1	NP_974225.1	100.000	467	0	0	1	467	1	467	0.0	941
NP_001030640.1	NP_566248.1	100.000	467	0	0	1	467	1	467	0.0	941
NP_001030640.1	NP_001030640.1	100.000	467	0	0	1	467	1	467	0.0	941
NP_001030640.1	NP_001327810.1	98.845	433	5	0	1	433	1	433	0.0	869
NP_001030640.1	NP_566247.1	90.393	458	44	0	10	467	1	458	0.0	847
NP_001030641.1	NP_001030641.1	100.000	136	0	0	1	136	1	136	8.08e-99	280
NP_001030641.1	NP_566250.1	96.241	133	5	0	1	133	1	133	7.11e-91	261
NP_001030641.1	NP_198095.1	88.095	126	15	0	1	126	1	126	8.31e-79	230
NP_001030642.1	NP_001030642.1	100.000	212	0	0	1	212	1	212	4.72e-161	443
NP_001030642.1	NP_182002.1	45.625	160	78	3	32	189	12	164	9.37e-42	140
NP_001030642.1	NP_196362.1	41.040	173	87	3	24	191	14	176	1.76e-40	137
NP_001030642.1	NP_188825.1	38.650	163	96	1	27	189	21	179	4.34e-38	131
NP_001030642.1	NP_200973.1	38.824	170	95	2	20	189	12	172	6.10e-37	129
NP_001030643.1	NP_001189813.1	100.000	1052	0	0	1	1052	1	1052	0.0	2184
NP_001030643.1	NP_001189812.1	100.000	1052	0	0	1	1052	1	1052	0.0	2184
NP_001030643.1	NP_001030643.1	100.000	1052	0	0	1	1052	1	1052	0.0	2184
NP_001030643.1	NP_187189.2	99.905	1052	0	1	1	1052	1	1051	0.0	2179
NP_001030643.1	NP_001118580.1	100.000	974	0	0	79	1052	1	974	0.0	2024
NP_001030645.1	NP_001030645.1	100.000	80	0	0	1	80	1	80	3.96e-54	162
NP_001030645.1	NP_187224.1	61.176	85	25	2	1	77	1	85	6.52e-25	89.0
NP_001030645.1	NP_001031618.1	44.737	76	41	1	1	75	1	76	8.36e-17	68.2
NP_001030645.1	NP_001185135.1	43.902	82	43	2	1	79	1	82	6.59e-15	64.3
NP_001030645.1	NP_001031138.4	45.000	80	41	2	1	77	1	80	9.01e-15	63.2
NP_001030646.1	NP_001030646.1	100.000	190	0	0	1	190	1	190	5.17e-141	390
NP_001030646.1	NP_001326658.1	33.684	190	121	3	1	190	1	185	7.55e-24	93.2
NP_001030646.1	NP_188349.2	33.684	190	121	3	1	190	1	185	1.48e-19	82.4
NP_001030646.1	NP_683571.1	30.323	155	104	3	36	190	33	183	8.13e-16	72.4
NP_001030646.1	NP_001117269.1	21.818	165	122	4	5	168	2	160	9.76e-07	47.4
NP_001030647.1	NP_187226.2	100.000	698	0	0	1	698	104	801	0.0	1437
NP_001030647.1	NP_001325711.1	100.000	698	0	0	1	698	1	698	0.0	1436
NP_001030647.1	NP_001030647.1	100.000	698	0	0	1	698	1	698	0.0	1436
NP_001030647.1	NP_001325712.1	100.000	698	0	0	1	698	96	793	0.0	1435
NP_001030647.1	NP_001190407.1	57.724	738	262	14	1	695	95	825	0.0	723
NP_001030649.1	NP_187285.1	100.000	673	0	0	1	673	1	673	0.0	1412
NP_001030649.1	NP_001326143.1	100.000	673	0	0	1	673	1	673	0.0	1412
NP_001030649.1	NP_001189825.1	100.000	673	0	0	1	673	1	673	0.0	1412
NP_001030649.1	NP_001030649.1	100.000	673	0	0	1	673	1	673	0.0	1412
NP_001030649.1	NP_197376.1	47.929	676	274	20	4	651	3	628	1.05e-174	521
NP_001030649.1	NP_197376.1	32.130	277	162	8	397	652	613	884	1.42e-30	129
NP_001030650.1	NP_187326.1	100.000	61	0	0	1	61	1	61	1.47e-39	124
NP_001030650.1	NP_001030651.1	100.000	61	0	0	1	61	1	61	1.47e-39	124
NP_001030650.1	NP_001030650.1	100.000	61	0	0	1	61	1	61	1.47e-39	124
NP_001030650.1	NP_187324.2	95.082	61	3	0	1	61	23	83	3.66e-38	121
NP_001030650.1	NP_001189832.1	95.082	61	3	0	1	61	1	61	6.66e-38	120
NP_001030651.1	NP_187326.1	100.000	61	0	0	1	61	1	61	1.47e-39	124
NP_001030651.1	NP_001030651.1	100.000	61	0	0	1	61	1	61	1.47e-39	124
NP_001030651.1	NP_001030650.1	100.000	61	0	0	1	61	1	61	1.47e-39	124
NP_001030651.1	NP_187324.2	95.082	61	3	0	1	61	23	83	3.66e-38	121
NP_001030651.1	NP_001189832.1	95.082	61	3	0	1	61	1	61	6.66e-38	120
NP_001030652.1	NP_001030652.1	100.000	70	0	0	1	70	1	70	9.47e-48	145
NP_001030652.1	NP_001030653.1	56.757	74	25	3	1	68	1	73	9.89e-20	75.1
NP_001030653.1	NP_001030653.1	100.000	78	0	0	1	78	1	78	4.93e-54	162
NP_001030653.1	NP_001030652.1	56.757	74	25	3	1	73	1	68	1.10e-19	75.1
NP_001030654.1	NP_001030654.1	100.000	207	0	0	1	207	1	207	4.42e-154	425
NP_001030654.1	NP_187367.1	99.517	207	0	1	1	207	1	206	2.03e-151	418
NP_001030654.1	NP_199687.1	91.304	207	17	1	1	207	1	206	1.06e-141	394
NP_001030654.1	NP_001078737.1	91.304	207	17	1	1	207	1	206	1.06e-141	394
NP_001030654.1	NP_189127.1	91.304	207	17	1	1	207	1	206	2.57e-141	393
NP_001030655.1	NP_187386.2	100.000	407	0	0	1	407	1	407	0.0	832
NP_001030655.1	NP_001030655.1	100.000	407	0	0	1	407	1	407	0.0	832
NP_001030655.1	NP_001319491.1	99.267	409	1	1	1	407	1	409	0.0	825
NP_001030655.1	NP_181935.2	28.571	252	164	3	150	399	83	320	2.34e-23	100
NP_001030655.1	NP_564643.3	34.021	194	114	2	198	390	194	374	2.48e-21	95.1
NP_001030656.1	NP_566304.1	100.000	325	0	0	1	325	136	460	0.0	661
NP_001030656.1	NP_850531.1	100.000	325	0	0	1	325	1	325	0.0	658
NP_001030656.1	NP_001327376.1	100.000	325	0	0	1	325	1	325	0.0	658
NP_001030656.1	NP_001327375.1	100.000	325	0	0	1	325	1	325	0.0	658
NP_001030656.1	NP_001327374.1	100.000	325	0	0	1	325	1	325	0.0	658
NP_001030657.1	NP_001030657.1	100.000	192	0	0	1	192	1	192	1.16e-142	395
NP_001030657.1	NP_187413.1	96.667	180	6	0	1	180	1	180	2.83e-127	358
NP_001030657.1	NP_001030658.1	96.133	181	6	1	1	180	1	181	2.18e-125	354
NP_001030657.1	NP_001189835.1	96.133	181	6	1	1	180	1	181	2.64e-125	354
NP_001030657.1	NP_564760.2	37.383	107	64	1	21	127	9	112	1.47e-20	85.1
NP_001030658.1	NP_001030658.1	100.000	259	0	0	1	259	1	259	0.0	536
NP_001030658.1	NP_187413.1	99.614	259	0	1	1	259	1	258	0.0	530
NP_001030658.1	NP_001189835.1	96.642	268	0	1	1	259	1	268	0.0	529
NP_001030658.1	NP_001030657.1	96.133	181	6	1	1	181	1	180	2.93e-125	354
NP_001030658.1	NP_973807.1	38.532	218	126	4	34	250	25	235	1.31e-44	151
NP_001030659.1	NP_974250.1	100.000	372	0	0	1	372	1	372	0.0	776
NP_001030659.1	NP_187422.1	100.000	372	0	0	1	372	1	372	0.0	776
NP_001030659.1	NP_001118599.1	100.000	372	0	0	1	372	1	372	0.0	776
NP_001030659.1	NP_001030659.1	100.000	372	0	0	1	372	1	372	0.0	776
NP_001030659.1	NP_199636.1	69.152	389	87	7	1	372	1	373	0.0	524
NP_001030660.1	NP_187464.1	100.000	581	0	0	1	581	1	581	0.0	1207
NP_001030660.1	NP_001030660.1	100.000	581	0	0	1	581	1	581	0.0	1207
NP_001030660.1	NP_001327169.1	95.009	581	0	1	1	581	1	552	0.0	1127
NP_001030660.1	NP_001154596.1	95.009	581	0	1	1	581	1	552	0.0	1127
NP_001030660.1	NP_191153.1	80.068	587	108	2	1	581	1	584	0.0	969
NP_001030661.1	NP_001030661.1	100.000	312	0	0	1	312	1	312	0.0	637
NP_001030661.1	NP_187490.2	98.671	301	4	0	1	301	1	301	0.0	606
NP_001030662.1	NP_001327349.1	100.000	282	0	0	1	282	1	282	0.0	582
NP_001030662.1	NP_001030662.1	100.000	282	0	0	1	282	1	282	0.0	582
NP_001030662.1	NP_187571.2	100.000	268	0	0	1	268	1	268	0.0	554
NP_001030662.1	NP_001327348.1	100.000	268	0	0	1	268	1	268	0.0	554
NP_001030662.1	NP_001327351.1	97.112	277	8	0	1	277	1	277	0.0	553
NP_001030663.1	NP_001030663.1	100.000	405	0	0	1	405	1	405	0.0	830
NP_001030663.1	NP_187574.1	99.754	406	0	1	1	405	1	406	0.0	825
NP_001030663.1	NP_001119159.1	95.309	405	19	0	1	405	2	406	0.0	776
NP_001030663.1	NP_195907.1	95.074	406	19	1	1	405	2	407	0.0	772
NP_001030664.1	NP_187575.2	100.000	251	0	0	1	251	1	251	0.0	513
NP_001030664.1	NP_001030664.1	100.000	251	0	0	1	251	1	251	0.0	513
NP_001030664.1	NP_973786.1	77.912	249	54	1	2	249	1	249	4.06e-147	411
NP_001030664.1	NP_849607.1	77.912	249	54	1	2	249	1	249	4.06e-147	411
NP_001030664.1	NP_172267.1	77.912	249	54	1	2	249	1	249	4.06e-147	411
NP_001030665.1	NP_187580.1	100.000	527	0	0	1	527	1	527	0.0	1087
NP_001030665.1	NP_001030665.1	100.000	527	0	0	1	527	1	527	0.0	1087
NP_001030665.1	NP_195917.1	77.996	509	105	3	1	507	1	504	0.0	842
NP_001030665.1	NP_851055.1	29.595	321	185	7	160	473	36	322	1.14e-37	142
NP_001030665.1	NP_197638.1	29.595	321	185	7	160	473	36	322	1.14e-37	142
NP_001030666.1	NP_187603.1	100.000	815	0	0	1	815	1	815	0.0	1685
NP_001030666.1	NP_001327647.1	100.000	815	0	0	1	815	1	815	0.0	1685
NP_001030666.1	NP_001189852.1	100.000	815	0	0	1	815	1	815	0.0	1685
NP_001030666.1	NP_001030666.1	100.000	815	0	0	1	815	1	815	0.0	1685
NP_001030666.1	NP_176286.2	51.160	776	357	9	46	811	4	767	0.0	756
NP_001030667.1	NP_001030667.1	100.000	81	0	0	1	81	1	81	1.56e-54	163
NP_001030668.1	NP_001030668.1	100.000	334	0	0	1	334	1	334	0.0	660
NP_001030668.1	NP_001327262.1	88.064	377	2	2	1	334	1	377	0.0	632
NP_001030668.1	NP_187641.2	100.000	295	0	0	1	295	1	295	0.0	583
NP_001030668.1	NP_850998.1	94.671	319	17	0	1	319	1	319	0.0	534
NP_001030668.1	NP_001189854.1	94.375	320	17	1	1	319	1	320	0.0	529
NP_001030669.1	NP_001030669.1	100.000	394	0	0	1	394	1	394	0.0	818
NP_001030669.1	NP_187656.1	100.000	391	0	0	4	394	47	437	0.0	815
NP_001030669.1	NP_001325521.1	99.729	369	1	0	1	369	1	369	0.0	765
NP_001030669.1	NP_001325520.1	99.727	366	1	0	4	369	47	412	0.0	762
NP_001030669.1	NP_177473.1	78.772	391	83	0	4	394	51	441	0.0	667
NP_001030670.1	NP_001030670.1	100.000	230	0	0	1	230	1	230	1.72e-172	473
NP_001030670.1	NP_187703.1	99.567	231	0	1	1	230	1	231	8.57e-171	469
NP_001030670.1	NP_191194.1	74.510	204	51	1	25	227	30	233	4.76e-113	323
NP_001030670.1	NP_197722.1	36.111	180	102	6	37	209	56	229	5.16e-29	110
NP_001030670.1	NP_199923.1	35.088	228	114	11	25	226	45	264	2.46e-26	103
NP_001030671.1	NP_001030671.1	100.000	231	0	0	1	231	1	231	1.11e-175	481
NP_001030671.1	NP_187754.2	100.000	211	0	0	21	231	90	300	1.69e-159	443
NP_001030671.1	NP_001325587.1	100.000	211	0	0	21	231	26	236	2.03e-159	441
NP_001030671.1	NP_001325586.1	100.000	211	0	0	21	231	5	215	4.76e-159	439
NP_001030671.1	NP_001325585.1	100.000	207	0	0	1	207	1	207	1.29e-157	435
NP_001030672.1	NP_974287.1	100.000	239	0	0	1	239	1	239	2.42e-180	494
NP_001030672.1	NP_001030672.1	100.000	239	0	0	1	239	1	239	2.42e-180	494
NP_001030672.1	NP_001327054.1	99.567	231	1	0	1	231	1	231	1.67e-171	473
NP_001030672.1	NP_850560.1	99.567	231	1	0	1	231	1	231	6.48e-171	473
NP_001030672.1	NP_566394.1	99.567	231	1	0	1	231	1	231	6.48e-171	473
NP_001030673.1	NP_001154608.1	100.000	542	0	0	1	542	55	596	0.0	1112
NP_001030673.1	NP_187778.1	100.000	542	0	0	1	542	1	542	0.0	1111
NP_001030673.1	NP_001030673.1	100.000	542	0	0	1	542	1	542	0.0	1111
NP_001030673.1	NP_001326263.1	100.000	449	0	0	94	542	1	449	0.0	928
NP_001030673.1	NP_196262.3	44.207	561	207	12	1	538	1	478	3.27e-144	424
NP_001030675.1	NP_001030675.1	100.000	201	0	0	1	201	1	201	1.59e-149	413
NP_001030675.1	NP_850562.1	99.502	201	0	1	1	201	1	200	5.26e-147	407
NP_001030675.1	NP_566406.1	99.005	201	0	1	1	201	1	199	3.14e-146	404
NP_001030675.1	NP_850563.1	88.106	227	0	2	1	201	1	226	1.60e-140	391
NP_001030675.1	NP_191404.2	54.878	164	71	2	35	198	32	192	1.67e-64	198
NP_001030677.1	NP_001030677.1	100.000	383	0	0	1	383	1	383	0.0	796
NP_001030677.1	NP_850568.1	100.000	312	0	0	1	312	1	312	0.0	646
NP_001030677.1	NP_187821.1	100.000	312	0	0	1	312	1	312	0.0	646
NP_001030677.1	NP_196296.1	69.775	311	80	6	1	311	8	304	1.04e-148	423
NP_001030677.1	NP_001190242.1	69.775	311	80	6	1	311	1	297	1.25e-148	423
NP_001030678.1	NP_001030678.1	100.000	355	0	0	1	355	1	355	0.0	723
NP_001030678.1	NP_974292.1	92.958	355	0	1	1	355	1	330	0.0	650
NP_001030678.1	NP_566415.3	92.958	355	0	1	1	355	1	330	0.0	650
NP_001030678.1	NP_001326020.1	92.958	355	0	1	1	355	1	330	0.0	650
NP_001030678.1	NP_001326019.1	92.958	355	0	1	1	355	1	330	0.0	650
NP_001030679.1	NP_001030679.1	100.000	186	0	0	1	186	1	186	5.98e-135	375
NP_001030680.1	NP_001030680.1	100.000	191	0	0	1	191	1	191	2.45e-142	394
NP_001030680.1	NP_187859.2	100.000	191	0	0	1	191	20	210	3.67e-142	394
NP_001030680.1	NP_001319531.1	100.000	191	0	0	1	191	20	210	3.67e-142	394
NP_001030680.1	NP_001326331.1	100.000	128	0	0	1	128	20	147	5.08e-93	268
NP_001030681.1	NP_974294.1	100.000	489	0	0	1	489	1	489	0.0	1018
NP_001030681.1	NP_850571.1	100.000	489	0	0	1	489	1	489	0.0	1018
NP_001030681.1	NP_566427.1	100.000	489	0	0	1	489	1	489	0.0	1018
NP_001030681.1	NP_001030681.1	100.000	489	0	0	1	489	1	489	0.0	1018
NP_001030681.1	NP_565864.1	66.116	484	155	6	11	485	1	484	0.0	645
NP_001030682.1	NP_187868.2	100.000	385	0	0	1	385	1	385	0.0	793
NP_001030682.1	NP_001030682.1	100.000	385	0	0	1	385	1	385	0.0	793
NP_001030682.1	NP_974438.1	75.066	381	89	3	4	382	3	379	0.0	602
NP_001030682.1	NP_191065.2	75.066	381	89	3	4	382	3	379	0.0	602
NP_001030682.1	NP_566949.2	64.000	375	129	3	5	378	3	372	0.0	511
NP_001030683.2	NP_001030683.2	100.000	279	0	0	1	279	1	279	0.0	590
NP_001030683.2	NP_001327438.1	98.618	217	3	0	63	279	10	226	1.27e-163	453
NP_001030683.2	NP_175997.1	62.848	323	70	9	3	278	4	323	1.32e-131	376
NP_001030683.2	NP_849817.1	60.853	258	52	8	67	278	2	256	7.01e-94	278
NP_001030683.2	NP_200951.1	46.694	242	117	4	15	247	13	251	2.15e-71	223
NP_001030685.1	NP_187909.1	100.000	544	0	0	1	544	1	544	0.0	1128
NP_001030685.1	NP_001326386.1	100.000	544	0	0	1	544	1	544	0.0	1128
NP_001030685.1	NP_001154612.1	100.000	544	0	0	1	544	1	544	0.0	1128
NP_001030685.1	NP_001030685.1	100.000	544	0	0	1	544	1	544	0.0	1128
NP_001030685.1	NP_001326385.1	93.934	544	0	1	1	544	1	511	0.0	1045
NP_001030686.1	NP_001030686.1	100.000	57	0	0	1	57	1	57	5.63e-34	110
NP_001030687.1	NP_187951.1	100.000	315	0	0	1	315	1	315	0.0	646
NP_001030687.1	NP_001326174.1	100.000	315	0	0	1	315	1	315	0.0	646
NP_001030687.1	NP_001189879.1	100.000	315	0	0	1	315	1	315	0.0	646
NP_001030687.1	NP_001030687.1	100.000	315	0	0	1	315	1	315	0.0	646
NP_001030687.1	NP_564693.1	59.933	297	98	8	1	289	1	284	4.76e-113	331
NP_001030688.1	NP_001030688.1	100.000	196	0	0	1	196	1	196	5.31e-144	399
NP_001030688.1	NP_187953.1	99.435	177	1	0	1	177	1	177	1.55e-129	362
NP_001030688.1	NP_187953.1	40.000	65	38	1	25	88	115	179	8.42e-07	48.1
NP_001030688.1	NP_001321102.1	94.944	178	9	0	1	178	1	178	1.07e-124	349
NP_001030688.1	NP_849812.1	94.350	177	10	0	1	177	1	177	2.31e-123	347
NP_001030688.1	NP_175948.1	94.350	177	10	0	1	177	1	177	2.31e-123	347
NP_001030689.1	NP_001030689.1	100.000	508	0	0	1	508	1	508	0.0	1025
NP_001030689.1	NP_187955.2	100.000	496	0	0	1	496	1	496	0.0	1010
NP_001030689.1	NP_001030690.1	99.597	496	1	1	1	496	1	495	0.0	1001
NP_001030689.1	NP_850578.1	99.194	496	1	1	1	496	1	493	0.0	997
NP_001030689.1	NP_001185240.1	68.064	501	122	11	1	496	1	468	0.0	594
NP_001030690.1	NP_001030690.1	100.000	666	0	0	1	666	1	666	0.0	1362
NP_001030690.1	NP_187955.2	99.700	667	1	1	1	666	1	667	0.0	1355
NP_001030690.1	NP_850578.1	99.550	666	1	1	1	666	1	664	0.0	1350
NP_001030690.1	NP_001030689.1	99.597	496	1	1	1	495	1	496	0.0	1001
NP_001030690.1	NP_001321789.1	71.270	630	140	13	1	622	1	597	0.0	807
NP_001030691.1	NP_001030691.1	100.000	170	0	0	1	170	1	170	1.21e-125	350
NP_001030691.1	NP_566459.2	100.000	150	0	0	1	150	1	150	1.26e-109	310
NP_001030691.1	NP_565391.1	52.632	114	54	0	37	150	2	115	1.20e-44	144
NP_001030691.1	NP_564828.1	51.754	114	55	0	37	150	2	115	7.77e-43	140
NP_001030691.1	NP_001031228.1	51.754	114	55	0	37	150	2	115	7.77e-43	140
NP_001030692.1	NP_001030692.1	100.000	147	0	0	1	147	1	147	1.91e-104	295
NP_001030692.1	NP_001154617.1	72.024	168	0	1	27	147	34	201	8.54e-76	224
NP_001030694.1	NP_850584.1	100.000	348	0	0	1	348	20	367	0.0	712
NP_001030694.1	NP_188060.1	100.000	348	0	0	1	348	20	367	0.0	712
NP_001030694.1	NP_001030694.1	100.000	348	0	0	1	348	1	348	0.0	711
NP_001030694.1	NP_850585.2	99.425	348	2	0	1	348	20	367	0.0	708
NP_001030694.1	NP_188059.1	95.115	348	17	0	1	348	20	367	0.0	666
NP_001030695.1	NP_188101.2	100.000	476	0	0	1	476	1	476	0.0	986
NP_001030695.1	NP_001319555.1	100.000	476	0	0	1	476	1	476	0.0	986
NP_001030695.1	NP_001319554.1	100.000	476	0	0	1	476	1	476	0.0	986
NP_001030695.1	NP_001030695.1	100.000	476	0	0	1	476	1	476	0.0	986
NP_001030695.1	NP_974017.1	75.000	476	96	4	1	476	1	453	0.0	704
NP_001030696.1	NP_001327077.1	100.000	471	0	0	1	471	1	471	0.0	975
NP_001030696.1	NP_001327076.1	100.000	471	0	0	1	471	1	471	0.0	975
NP_001030696.1	NP_001030697.1	100.000	471	0	0	1	471	2	472	0.0	975
NP_001030696.1	NP_001030696.1	100.000	471	0	0	1	471	1	471	0.0	975
NP_001030696.1	NP_188105.3	100.000	471	0	0	1	471	5	475	0.0	974
NP_001030697.1	NP_001030697.1	100.000	472	0	0	1	472	1	472	0.0	977
NP_001030697.1	NP_001327077.1	100.000	471	0	0	2	472	1	471	0.0	975
NP_001030697.1	NP_001327076.1	100.000	471	0	0	2	472	1	471	0.0	975
NP_001030697.1	NP_001030696.1	100.000	471	0	0	2	472	1	471	0.0	975
NP_001030697.1	NP_188105.3	100.000	471	0	0	2	472	5	475	0.0	974
NP_001030698.1	NP_188117.1	100.000	369	0	0	1	369	24	392	0.0	749
NP_001030698.1	NP_188117.1	42.286	175	99	1	188	360	5	179	6.28e-43	154
NP_001030698.1	NP_850588.1	100.000	369	0	0	1	369	1	369	0.0	748
NP_001030698.1	NP_001030698.1	100.000	369	0	0	1	369	1	369	0.0	748
NP_001030698.1	NP_564626.1	81.030	369	69	1	1	369	71	438	0.0	620
NP_001030698.1	NP_564626.1	42.373	177	101	1	188	363	52	228	1.05e-43	157
NP_001030698.1	NP_001322694.1	82.237	304	53	1	1	304	71	373	0.0	518
NP_001030698.1	NP_001322694.1	42.373	177	101	1	188	363	52	228	3.19e-44	157
NP_001030699.1	NP_001327627.1	100.000	132	0	0	1	132	1	132	1.84e-97	276
NP_001030699.1	NP_001030699.1	100.000	132	0	0	1	132	1	132	1.84e-97	276
NP_001030699.1	NP_566507.1	100.000	117	0	0	1	117	1	117	7.87e-85	245
NP_001030699.1	NP_001327625.1	100.000	117	0	0	1	117	1	117	7.87e-85	245
NP_001030699.1	NP_001327628.1	100.000	89	0	0	29	117	1	89	1.37e-63	190
NP_001030700.1	NP_974322.1	100.000	59	0	0	1	59	1	59	1.16e-37	119
NP_001030700.1	NP_001327102.1	100.000	59	0	0	1	59	1	59	1.16e-37	119
NP_001030700.1	NP_001319558.1	100.000	59	0	0	1	59	1	59	1.16e-37	119
NP_001030700.1	NP_001078159.1	100.000	59	0	0	1	59	1	59	1.16e-37	119
NP_001030700.1	NP_001030700.1	100.000	59	0	0	1	59	1	59	1.16e-37	119
NP_001030701.1	NP_001030701.1	100.000	208	0	0	1	208	1	208	4.45e-157	432
NP_001030701.1	NP_566513.1	100.000	191	0	0	1	191	1	191	9.45e-143	398
NP_001030701.1	NP_001030702.1	95.556	180	5	1	1	180	1	177	1.17e-125	352
NP_001030701.1	NP_567775.1	69.948	193	55	2	1	191	1	192	5.62e-97	282
NP_001030701.1	NP_197415.1	47.396	192	97	3	1	191	1	189	4.24e-54	173
NP_001030702.1	NP_001030702.1	100.000	186	0	0	1	186	1	186	3.99e-139	385
NP_001030702.1	NP_001030701.1	95.556	180	5	1	1	177	1	180	1.05e-125	352
NP_001030702.1	NP_566513.1	95.556	180	5	1	1	177	1	180	4.23e-125	353
NP_001030702.1	NP_567775.1	65.934	182	56	3	1	177	1	181	2.59e-82	244
NP_001030702.1	NP_001031900.1	47.929	169	84	3	1	168	1	166	2.64e-45	149
NP_001030703.1	NP_001030703.1	100.000	445	0	0	1	445	1	445	0.0	925
NP_001030703.1	NP_566520.1	100.000	436	0	0	1	436	1	436	0.0	909
NP_001030703.1	NP_568461.3	29.952	414	257	12	26	427	86	478	1.11e-41	155
NP_001030703.1	NP_849588.1	29.234	431	258	16	20	431	1	403	7.93e-32	128
NP_001030703.1	NP_171935.1	29.234	431	258	16	20	431	1	403	7.93e-32	128
NP_001030704.1	NP_566522.1	100.000	169	0	0	1	169	1	169	4.83e-125	348
NP_001030704.1	NP_001030704.1	100.000	169	0	0	1	169	1	169	4.83e-125	348
NP_001030704.1	NP_192404.1	45.794	107	58	0	58	164	146	252	2.18e-31	118
NP_001030704.1	NP_192404.1	43.119	109	60	1	62	168	280	388	1.62e-27	107
NP_001030704.1	NP_192404.1	45.000	100	55	0	64	163	389	488	6.72e-27	105
NP_001030704.1	NP_191050.1	40.000	140	75	2	25	162	36	168	1.09e-29	107
NP_001030704.1	NP_565885.1	39.806	103	59	1	62	161	190	292	6.27e-23	92.4
NP_001030705.1	NP_001030705.1	100.000	161	0	0	1	161	1	161	2.70e-118	331
NP_001030705.1	NP_188198.3	99.383	162	0	1	1	161	1	162	1.03e-116	327
NP_001030705.1	NP_849667.1	46.626	163	74	4	1	160	1	153	5.20e-43	140
NP_001030705.1	NP_563972.1	46.626	163	74	4	1	160	1	153	5.20e-43	140
NP_001030705.1	NP_001330286.1	49.045	157	71	4	4	160	68	215	2.65e-42	140
NP_001030706.1	NP_001030706.1	100.000	265	0	0	1	265	1	265	0.0	553
NP_001030706.1	NP_566528.1	98.881	268	0	1	1	265	1	268	0.0	548
NP_001030706.1	NP_001030707.1	98.134	268	2	1	1	265	1	268	0.0	543
NP_001030706.1	NP_001189904.1	98.361	244	1	1	25	265	5	248	0.0	501
NP_001030706.1	NP_001118642.1	95.775	213	6	1	56	265	2	214	1.78e-154	429
NP_001030707.1	NP_001030707.1	100.000	268	0	0	1	268	1	268	0.0	559
NP_001030707.1	NP_566528.1	99.254	268	2	0	1	268	1	268	0.0	554
NP_001030707.1	NP_001030706.1	98.134	268	2	1	1	268	1	265	0.0	543
NP_001030707.1	NP_001189904.1	98.770	244	3	0	25	268	5	248	0.0	508
NP_001030707.1	NP_001118642.1	96.244	213	8	0	56	268	2	214	3.39e-157	436
NP_001030708.1	NP_001030708.1	100.000	734	0	0	1	734	1	734	0.0	1470
NP_001030708.1	NP_188216.2	94.689	772	3	1	1	734	1	772	0.0	1405
NP_001030708.1	NP_001326807.1	91.262	515	41	2	222	734	106	618	0.0	878
NP_001030708.1	NP_001326807.1	80.938	320	52	3	1	319	1	312	1.50e-166	493
NP_001030708.1	NP_001326808.1	88.706	487	46	2	251	734	100	580	0.0	801
NP_001030708.1	NP_001326808.1	82.095	296	40	3	1	293	1	286	4.42e-156	465
NP_001030708.1	NP_001326809.1	79.924	523	92	5	222	734	106	625	0.0	730
NP_001030708.1	NP_001326809.1	99.687	319	1	0	1	319	1	319	0.0	619
NP_001030709.1	NP_566546.1	100.000	470	0	0	1	470	1	470	0.0	966
NP_001030709.1	NP_001030709.1	100.000	470	0	0	1	470	1	470	0.0	966
NP_001030709.1	NP_188262.1	93.177	469	32	0	2	470	151	619	0.0	907
NP_001030709.1	NP_188262.1	26.185	443	261	15	1	385	1	435	4.37e-17	84.3
NP_001030709.1	NP_566545.1	89.574	470	46	1	1	470	1	467	0.0	866
NP_001030709.1	NP_001327031.1	89.574	470	46	1	1	470	1	467	0.0	866
NP_001030710.1	NP_850594.1	100.000	298	0	0	1	298	1	298	0.0	603
NP_001030710.1	NP_188263.1	100.000	298	0	0	1	298	1	298	0.0	603
NP_001030710.1	NP_001030710.1	100.000	298	0	0	1	298	1	298	0.0	603
NP_001030710.1	NP_850595.1	84.899	298	43	1	1	298	1	296	0.0	511
NP_001030710.1	NP_188264.1	84.899	298	43	1	1	298	1	296	0.0	511
NP_001030711.1	NP_850596.1	100.000	300	0	0	1	300	1	300	0.0	600
NP_001030711.1	NP_188266.1	100.000	300	0	0	1	300	1	300	0.0	600
NP_001030711.1	NP_001030711.1	100.000	300	0	0	1	300	1	300	0.0	600
NP_001030711.1	NP_001325457.1	81.667	300	55	0	1	300	24	323	4.20e-172	479
NP_001030711.1	NP_188265.1	81.667	300	55	0	1	300	1	300	4.35e-172	478
NP_001030714.1	NP_001030714.1	100.000	316	0	0	1	316	1	316	0.0	657
NP_001030714.1	NP_566566.1	100.000	311	0	0	1	311	1	311	0.0	651
NP_001030714.1	NP_974708.1	54.545	319	124	4	1	310	1	307	2.57e-119	349
NP_001030714.1	NP_195564.2	54.545	319	124	4	1	310	1	307	2.57e-119	349
NP_001030714.1	NP_201409.1	57.706	279	107	3	42	310	31	308	2.77e-116	341
NP_001030715.1	NP_001030715.1	100.000	80	0	0	1	80	1	80	1.22e-54	163
NP_001030715.1	NP_974325.1	69.880	83	22	1	1	80	1	83	5.04e-34	112
NP_001030715.1	NP_001031130.1	44.578	83	41	2	1	80	1	81	2.22e-10	52.0
NP_001030715.1	NP_187104.2	43.210	81	41	2	1	78	1	79	1.32e-08	47.4
NP_001030715.1	NP_001031901.1	42.424	66	34	1	1	62	1	66	3.08e-08	46.6
NP_001030716.1	NP_001030716.1	100.000	216	0	0	1	216	1	216	1.03e-161	445
NP_001030716.1	NP_566578.1	99.531	213	1	0	1	213	1	213	1.90e-155	431
NP_001030716.1	NP_175258.2	91.549	213	18	0	1	213	1	213	5.26e-143	400
NP_001030716.1	NP_001323414.1	92.547	161	12	0	52	212	1	161	1.47e-105	303
NP_001030716.1	NP_565800.1	62.201	209	73	2	7	213	7	211	3.43e-86	256
NP_001030717.1	NP_850605.1	100.000	120	0	0	1	120	30	149	3.61e-85	245
NP_001030717.1	NP_001030717.1	100.000	120	0	0	1	120	1	120	4.15e-85	243
NP_001030717.1	NP_850604.1	100.000	114	0	0	7	120	22	135	5.25e-80	231
NP_001030717.1	NP_001078169.1	98.261	115	2	0	6	120	20	134	2.49e-79	229
NP_001030717.1	NP_568246.1	50.450	111	53	1	2	112	43	151	5.41e-30	105
NP_001030718.2	NP_001030718.2	100.000	357	0	0	1	357	1	357	0.0	734
NP_001030718.2	NP_188395.2	87.675	357	0	1	1	357	1	313	0.0	624
NP_001030718.2	NP_001327286.1	87.675	357	0	1	1	357	33	345	0.0	520
NP_001030718.2	NP_683409.1	58.076	291	97	7	60	343	15	287	6.12e-99	295
NP_001030719.1	NP_188422.1	100.000	172	0	0	1	172	40	211	1.80e-126	354
NP_001030719.1	NP_001030719.1	100.000	172	0	0	1	172	1	172	2.09e-126	352
NP_001030719.1	NP_001325514.1	100.000	172	0	0	1	172	27	198	2.51e-126	353
NP_001030720.1	NP_001030720.1	100.000	224	0	0	1	224	1	224	7.04e-173	474
NP_001030720.1	NP_188442.1	100.000	224	0	0	1	224	1	224	6.14e-172	475
NP_001030720.1	NP_179795.2	75.799	219	52	1	6	223	11	229	6.87e-121	346
NP_001030720.1	NP_197734.2	25.000	216	155	6	6	217	72	284	1.25e-17	81.6
NP_001030720.1	NP_197734.2	25.161	155	107	4	68	221	49	195	2.54e-08	54.3
NP_001030720.1	NP_001318628.1	25.000	216	155	6	6	217	72	284	1.25e-17	81.6
NP_001030720.1	NP_001318628.1	25.161	155	107	4	68	221	49	195	2.54e-08	54.3
NP_001030721.1	NP_188448.2	100.000	253	0	0	1	253	131	383	0.0	519
NP_001030721.1	NP_001030721.1	100.000	253	0	0	1	253	1	253	0.0	514
NP_001030721.1	NP_565111.1	51.938	258	114	2	1	249	116	372	2.94e-89	270
NP_001030721.1	NP_001185403.1	51.938	258	114	2	1	249	116	372	2.94e-89	270
NP_001030721.1	NP_001326998.1	41.600	250	143	1	2	248	50	299	2.90e-70	218
NP_001030722.1	NP_001030722.1	100.000	659	0	0	1	659	1	659	0.0	1375
NP_001030722.1	NP_566615.1	99.393	659	0	1	1	659	1	655	0.0	1360
NP_001030722.1	NP_001189927.1	99.241	659	0	1	1	659	1	654	0.0	1358
NP_001030722.1	NP_177838.2	60.669	628	201	7	12	630	4	594	0.0	767
NP_001030722.1	NP_001328035.1	50.203	492	218	8	136	610	39	520	4.25e-167	489
NP_001030723.1	NP_001319584.1	100.000	500	0	0	1	500	1	500	0.0	1034
NP_001030723.1	NP_001030723.1	100.000	500	0	0	1	500	1	500	0.0	1034
NP_001030723.1	NP_001326381.1	100.000	309	0	0	192	500	241	549	0.0	629
NP_001030723.1	NP_001326381.1	98.780	164	2	0	28	191	10	173	6.26e-114	347
NP_001030723.1	NP_188505.1	100.000	309	0	0	192	500	259	567	0.0	629
NP_001030723.1	NP_188505.1	100.000	191	0	0	1	191	1	191	1.20e-137	409
NP_001030723.1	NP_001326380.1	100.000	309	0	0	192	500	259	567	0.0	629
NP_001030723.1	NP_001326380.1	100.000	191	0	0	1	191	1	191	1.20e-137	409
NP_001030724.2	NP_974335.1	100.000	375	0	0	1	375	1	375	0.0	773
NP_001030724.2	NP_188515.1	100.000	375	0	0	1	375	1	375	0.0	773
NP_001030724.2	NP_001078183.1	100.000	375	0	0	1	375	1	375	0.0	773
NP_001030724.2	NP_001030724.2	100.000	375	0	0	1	375	1	375	0.0	773
NP_001030724.2	NP_001078184.1	93.867	375	0	1	1	375	1	352	0.0	714
NP_001030725.1	NP_001030725.1	100.000	748	0	0	1	748	1	748	0.0	1535
NP_001030725.1	NP_188549.2	100.000	728	0	0	1	728	1	728	0.0	1494
NP_001030725.1	NP_001331076.1	24.703	421	269	12	93	481	84	488	8.46e-20	94.7
NP_001030725.1	NP_199063.1	24.703	421	269	12	93	481	84	488	8.49e-20	95.1
NP_001030726.2	NP_001030726.2	100.000	277	0	0	1	277	1	277	0.0	566
NP_001030726.2	NP_001326455.1	100.000	275	0	0	1	275	1	275	0.0	564
NP_001030726.2	NP_001318733.1	48.498	233	111	2	1	229	2	229	6.37e-69	213
NP_001030726.2	NP_001332422.1	52.903	155	73	0	75	229	30	184	4.36e-55	176
NP_001030726.2	NP_001330079.1	34.375	256	134	5	6	228	3	257	1.52e-33	124
NP_001030727.1	NP_566636.1	100.000	382	0	0	1	382	1	382	0.0	790
NP_001030727.1	NP_001030727.1	100.000	382	0	0	1	382	1	382	0.0	790
NP_001030727.1	NP_188916.1	76.364	330	70	3	58	382	1	327	5.70e-175	490
NP_001030727.1	NP_189101.1	57.868	394	134	12	1	381	4	378	1.57e-134	389
NP_001030727.1	NP_566558.1	50.739	406	153	12	3	381	6	391	1.55e-119	352
NP_001030728.1	NP_001030728.1	100.000	384	0	0	1	384	1	384	0.0	787
NP_001030728.1	NP_566645.1	99.479	384	2	0	1	384	137	520	0.0	782
NP_001030728.1	NP_196494.2	70.898	323	73	5	1	321	134	437	5.00e-158	451
NP_001030729.1	NP_001030729.1	100.000	337	0	0	1	337	1	337	0.0	689
NP_001030729.1	NP_001326099.1	99.315	292	2	0	46	337	24	315	0.0	594
NP_001030729.1	NP_188620.1	100.000	284	0	0	54	337	1	284	0.0	583
NP_001030729.1	NP_195330.2	50.327	153	63	2	61	212	29	169	8.26e-44	152
NP_001030729.1	NP_001329777.1	55.303	132	46	2	61	191	29	148	1.82e-43	151
NP_001030730.1	NP_001326034.1	100.000	378	0	0	1	378	137	514	0.0	779
NP_001030730.1	NP_188647.2	100.000	378	0	0	1	378	1	378	0.0	778
NP_001030730.1	NP_001319599.1	100.000	378	0	0	1	378	1	378	0.0	778
NP_001030730.1	NP_001030730.1	100.000	378	0	0	1	378	1	378	0.0	778
NP_001030730.1	NP_188646.1	75.397	378	86	2	1	378	135	505	0.0	581
NP_001030731.1	NP_566657.1	100.000	545	0	0	1	545	1	545	0.0	1129
NP_001030731.1	NP_001327849.1	100.000	545	0	0	1	545	1	545	0.0	1129
NP_001030731.1	NP_001030731.1	100.000	545	0	0	1	545	1	545	0.0	1129
NP_001030731.1	NP_567299.2	75.970	541	129	1	5	545	6	545	0.0	876
NP_001030731.1	NP_974517.1	76.340	541	126	2	5	545	6	544	0.0	875
NP_001030732.1	NP_001030732.1	100.000	130	0	0	1	130	1	130	1.99e-94	268
NP_001030732.1	NP_001118667.1	100.000	94	0	0	1	94	1	94	7.87e-66	195
NP_001030732.1	NP_001327648.1	98.913	92	1	0	1	92	1	92	1.50e-63	189
NP_001030732.1	NP_175506.1	40.102	197	50	8	1	130	1	196	7.68e-22	86.3
NP_001030732.1	NP_200290.2	44.737	76	28	4	62	130	97	165	9.06e-09	51.2
NP_001030733.1	NP_001030733.1	100.000	398	0	0	1	398	1	398	0.0	832
NP_001030733.1	NP_566667.1	100.000	397	0	0	1	397	1	397	0.0	831
NP_001030733.1	NP_850617.1	97.304	408	0	1	1	397	1	408	0.0	823
NP_001030733.1	NP_001327067.1	98.204	334	6	0	1	334	1	334	0.0	680
NP_001030733.1	NP_001327066.1	92.997	357	14	2	1	354	1	349	0.0	679
NP_001030734.1	NP_001030734.1	100.000	364	0	0	1	364	1	364	0.0	748
NP_001030734.1	NP_566671.1	99.726	365	0	1	1	364	1	365	0.0	744
NP_001030735.1	NP_001030735.1	100.000	222	0	0	1	222	1	222	1.19e-161	445
NP_001030735.1	NP_566673.1	100.000	222	0	0	1	222	1	222	1.30e-161	447
NP_001030735.1	NP_175550.2	69.231	221	63	2	1	221	1	216	2.00e-99	290
NP_001030736.1	NP_001030736.1	100.000	77	0	0	1	77	1	77	3.88e-52	157
NP_001030736.1	NP_001030737.1	71.429	77	21	1	1	77	1	76	1.07e-35	115
NP_001030736.1	NP_001030911.1	66.216	74	22	2	4	76	3	74	1.04e-29	100
NP_001030736.1	NP_001030910.1	66.667	78	21	3	3	77	2	77	2.56e-27	94.7
NP_001030736.1	NP_001030802.1	46.667	75	38	2	3	76	2	75	2.37e-15	64.3
NP_001030737.1	NP_001030737.1	100.000	76	0	0	1	76	1	76	5.83e-53	159
NP_001030737.1	NP_001030736.1	71.429	77	21	1	1	76	1	77	1.05e-35	115
NP_001030737.1	NP_001030911.1	58.108	74	29	2	4	76	3	75	5.53e-27	93.6
NP_001030737.1	NP_001030910.1	60.526	76	26	3	4	76	3	77	1.62e-25	90.1
NP_001030737.1	NP_001030802.1	41.096	73	40	3	4	74	3	74	6.50e-12	55.5
NP_001030738.1	NP_001319604.1	100.000	602	0	0	1	602	1	602	0.0	1229
NP_001030738.1	NP_001030738.1	100.000	602	0	0	1	602	1	602	0.0	1229
NP_001030738.1	NP_001326866.1	99.668	603	1	1	1	602	1	603	0.0	1224
NP_001030738.1	NP_001326865.1	99.668	603	1	1	1	602	1	603	0.0	1224
NP_001030738.1	NP_849792.1	51.967	610	188	16	1	602	1	513	4.52e-180	519
NP_001030739.1	NP_188748.1	100.000	411	0	0	1	411	1	411	0.0	853
NP_001030739.1	NP_001319605.1	100.000	411	0	0	1	411	1	411	0.0	853
NP_001030739.1	NP_001030739.1	100.000	411	0	0	1	411	1	411	0.0	853
NP_001030741.1	NP_001030741.1	100.000	122	0	0	1	122	1	122	3.02e-87	249
NP_001030741.1	NP_188798.2	100.000	119	0	0	4	122	56	174	8.14e-84	242
NP_001030741.1	NP_176927.1	71.186	118	31	1	4	118	41	158	3.02e-57	175
NP_001030741.1	NP_564215.1	74.107	112	29	0	4	115	45	156	8.77e-57	174
NP_001030741.1	NP_001185084.1	63.846	130	29	1	4	115	45	174	2.61e-52	163
NP_001030742.1	NP_188861.2	100.000	761	0	0	1	761	1	761	0.0	1585
NP_001030742.1	NP_001326834.1	100.000	761	0	0	1	761	1	761	0.0	1585
NP_001030742.1	NP_001326833.1	100.000	761	0	0	1	761	1	761	0.0	1585
NP_001030742.1	NP_001030742.1	100.000	761	0	0	1	761	1	761	0.0	1585
NP_001030742.1	NP_193238.5	72.997	774	190	11	1	761	1	768	0.0	1167
NP_001030743.1	NP_001030743.1	100.000	259	0	0	1	259	1	259	0.0	522
NP_001030743.1	NP_188937.1	99.156	237	2	0	23	259	134	370	4.51e-170	474
NP_001030743.1	NP_193198.2	65.957	235	72	4	25	257	111	339	3.57e-97	288
NP_001030743.1	NP_973636.1	58.385	161	64	2	22	180	123	282	3.49e-65	206
NP_001030743.1	NP_191018.1	46.584	161	79	3	25	181	115	272	1.91e-47	159
NP_001030744.1	NP_566722.1	100.000	388	0	0	1	388	32	419	0.0	803
NP_001030744.1	NP_001325639.1	100.000	388	0	0	1	388	1	388	0.0	803
NP_001030744.1	NP_001030744.1	100.000	388	0	0	1	388	1	388	0.0	803
NP_001030744.1	NP_567433.1	78.554	401	70	6	1	388	36	433	0.0	630
NP_001030744.1	NP_176653.1	48.320	387	158	5	3	387	34	380	1.94e-118	349
NP_001030745.1	NP_001030745.1	100.000	77	0	0	1	77	1	77	5.86e-53	159
NP_001030745.1	NP_001030638.1	57.317	82	29	2	1	77	1	81	3.92e-25	89.4
NP_001030745.1	NP_001030639.1	57.692	78	30	2	1	77	1	76	3.57e-23	84.0
NP_001030745.1	NP_001031356.1	55.000	80	27	3	1	77	1	74	1.38e-21	80.1
NP_001030745.1	NP_001030746.1	53.012	83	27	4	1	77	1	77	3.78e-21	79.0
NP_001030746.1	NP_001030746.1	100.000	77	0	0	1	77	1	77	1.59e-53	160
NP_001030746.1	NP_001031356.1	81.818	77	11	1	1	77	1	74	3.58e-41	129
NP_001030746.1	NP_001030745.1	53.012	83	27	4	1	77	1	77	3.78e-21	79.0
NP_001030746.1	NP_001030639.1	51.190	84	26	4	1	77	1	76	1.68e-18	72.4
NP_001030746.1	NP_001030638.1	51.190	84	31	3	1	77	1	81	5.58e-18	71.2
NP_001030747.1	NP_001030747.1	100.000	228	0	0	1	228	1	228	2.00e-171	471
NP_001030747.1	NP_188966.1	100.000	228	0	0	1	228	58	285	1.28e-169	468
NP_001030747.1	NP_172108.1	41.475	217	81	7	1	215	58	230	1.57e-36	129
NP_001030747.1	NP_180676.1	39.631	217	91	7	1	216	58	235	2.14e-36	129
NP_001030747.1	NP_173098.1	79.661	59	12	0	1	59	60	118	4.11e-29	110
NP_001030748.1	NP_001030748.1	100.000	423	0	0	1	423	1	423	0.0	870
NP_001030748.1	NP_001327699.1	100.000	423	0	0	1	423	117	539	0.0	868
NP_001030748.1	NP_188996.2	100.000	423	0	0	1	423	144	566	0.0	867
NP_001030748.1	NP_001329373.1	67.371	426	122	7	1	421	90	503	0.0	538
NP_001030748.1	NP_193165.7	67.371	426	122	7	1	421	144	557	0.0	538
NP_001030749.1	NP_001030749.1	100.000	236	0	0	1	236	1	236	1.89e-176	484
NP_001030749.1	NP_566732.1	98.745	239	0	1	1	236	1	239	2.21e-174	479
NP_001030749.1	NP_566731.1	66.109	239	78	1	1	236	1	239	1.38e-119	340
NP_001030749.1	NP_001326294.1	66.109	239	78	1	1	236	1	239	1.38e-119	340
NP_001030749.1	NP_001326293.1	66.109	239	78	1	1	236	1	239	1.38e-119	340
NP_001030750.1	NP_001030750.1	100.000	971	0	0	1	971	1	971	0.0	2012
NP_001030750.1	NP_189009.2	99.846	648	1	0	1	648	1	648	0.0	1349
NP_001030750.1	NP_189009.2	100.000	324	0	0	648	971	990	1313	0.0	675
NP_001030750.1	NP_567423.1	73.374	661	135	8	2	646	3	638	0.0	929
NP_001030750.1	NP_567423.1	70.154	325	84	4	648	971	980	1292	3.96e-132	430
NP_001030750.1	NP_188535.4	53.406	367	159	5	94	453	191	552	2.97e-114	388
NP_001030750.1	NP_001327101.1	38.462	598	339	10	39	628	41	617	3.09e-113	374
NP_001030750.1	NP_001327101.1	40.755	265	141	3	606	870	806	1054	1.95e-38	155
NP_001030751.1	NP_001030751.1	100.000	95	0	0	1	95	1	95	1.51e-67	197
NP_001030751.1	NP_001030752.1	57.895	95	37	1	1	95	1	92	1.89e-34	114
NP_001030751.1	NP_001031342.1	35.484	93	51	3	1	92	1	85	1.12e-09	50.8
NP_001030751.1	NP_001031608.1	38.000	100	48	6	1	93	1	93	3.97e-09	49.7
NP_001030752.1	NP_001030752.1	100.000	92	0	0	1	92	1	92	1.04e-64	190
NP_001030752.1	NP_001030751.1	57.895	95	37	1	1	92	1	95	5.43e-30	102
NP_001030752.1	NP_001031342.1	40.000	90	48	3	1	89	1	85	1.85e-12	57.8
NP_001030752.1	NP_001031608.1	31.313	99	57	3	1	92	1	95	4.11e-10	52.0
NP_001030752.1	NP_001031776.1	37.647	85	47	4	1	84	1	80	2.25e-06	42.4
NP_001030753.1	NP_001030753.1	100.000	934	0	0	1	934	1	934	0.0	1889
NP_001030753.1	NP_189032.2	100.000	928	0	0	1	928	1	928	0.0	1877
NP_001030753.1	NP_001325936.1	100.000	928	0	0	1	928	1	928	0.0	1877
NP_001030753.1	NP_001189958.1	100.000	928	0	0	1	928	1	928	0.0	1877
NP_001030754.1	NP_001030754.1	100.000	133	0	0	1	133	1	133	5.35e-95	270
NP_001030754.1	NP_683588.1	62.222	135	49	2	1	133	1	135	1.24e-54	167
NP_001030754.1	NP_189048.1	24.265	136	91	4	9	133	12	146	5.93e-09	51.6
NP_001030754.1	NP_563713.1	32.710	107	62	4	29	133	29	127	2.48e-07	47.0
NP_001030755.1	NP_001030755.1	100.000	282	0	0	1	282	1	282	0.0	572
NP_001030755.1	NP_001118679.1	35.673	171	102	3	14	184	20	182	4.71e-21	89.4
NP_001030756.2	NP_189059.1	100.000	499	0	0	1	499	1	499	0.0	1026
NP_001030756.2	NP_001118688.1	100.000	499	0	0	1	499	1	499	0.0	1026
NP_001030756.2	NP_001030756.2	100.000	499	0	0	1	499	1	499	0.0	1026
NP_001030756.2	NP_191026.1	52.350	468	216	5	23	489	85	546	4.67e-170	491
NP_001030756.2	NP_849782.1	30.118	425	280	10	64	477	73	491	1.01e-50	181
NP_001030757.1	NP_189060.2	100.000	950	0	0	1	950	1	950	0.0	1990
NP_001030757.1	NP_001030757.1	100.000	950	0	0	1	950	1	950	0.0	1990
NP_001030757.1	NP_199801.2	53.486	875	398	8	31	901	24	893	0.0	929
NP_001030757.1	NP_001331233.1	53.486	875	398	8	31	901	24	893	0.0	929
NP_001030757.1	NP_174631.2	49.775	890	407	12	36	904	18	888	0.0	875
NP_001030758.1	NP_001030758.1	100.000	507	0	0	1	507	1	507	0.0	1054
NP_001030758.1	NP_189062.3	99.802	504	1	0	4	507	2	505	0.0	1047
NP_001030759.1	NP_001030759.1	100.000	83	0	0	1	83	1	83	5.01e-57	170
NP_001030759.1	NP_001030760.1	65.882	85	27	1	1	83	1	85	7.17e-36	116
NP_001030759.1	NP_189094.1	48.837	86	41	1	1	83	1	86	4.22e-23	84.3
NP_001030760.1	NP_001030760.1	100.000	85	0	0	1	85	1	85	7.21e-60	177
NP_001030760.1	NP_001030759.1	65.882	85	27	1	1	85	1	83	7.34e-36	116
NP_001030760.1	NP_189094.1	46.591	88	42	2	1	85	1	86	3.45e-17	69.7
NP_001030761.1	NP_189118.1	100.000	354	0	0	1	354	1	354	0.0	722
NP_001030761.1	NP_001325611.1	100.000	354	0	0	1	354	1	354	0.0	722
NP_001030761.1	NP_001325610.1	100.000	354	0	0	1	354	1	354	0.0	722
NP_001030761.1	NP_001325609.1	100.000	354	0	0	1	354	1	354	0.0	722
NP_001030761.1	NP_001325608.1	100.000	354	0	0	1	354	1	354	0.0	722
NP_001030762.1	NP_189139.1	100.000	250	0	0	1	250	1	250	0.0	505
NP_001030762.1	NP_001327479.1	100.000	250	0	0	1	250	1	250	0.0	505
NP_001030762.1	NP_001030762.1	100.000	250	0	0	1	250	1	250	0.0	505
NP_001030762.1	NP_001327480.1	83.600	250	1	1	1	250	1	210	7.15e-144	401
NP_001030762.1	NP_193046.2	58.974	273	75	5	1	250	1	259	4.09e-96	282
NP_001030763.1	NP_001030763.1	100.000	81	0	0	1	81	1	81	3.66e-56	167
NP_001030763.1	NP_001031413.1	47.500	80	40	2	1	80	1	78	4.75e-18	71.2
NP_001030763.1	NP_001031436.1	37.662	77	48	0	1	77	2	78	1.25e-16	67.8
NP_001030763.1	NP_565670.1	43.210	81	40	2	1	80	2	77	1.11e-14	62.8
NP_001030763.1	NP_001032034.1	45.679	81	39	3	1	76	1	81	2.04e-11	54.7
NP_001030764.1	NP_566763.1	100.000	393	0	0	1	393	1	393	0.0	802
NP_001030764.1	NP_001030764.1	100.000	393	0	0	1	393	1	393	0.0	802
NP_001030764.1	NP_193034.1	75.255	392	93	3	4	392	3	393	0.0	585
NP_001030764.1	NP_199564.1	50.678	369	172	6	15	382	14	373	7.72e-127	371
NP_001030764.1	NP_193461.5	48.670	376	184	5	9	383	15	382	3.79e-121	357
NP_001030765.1	NP_001030765.1	100.000	278	0	0	1	278	1	278	0.0	562
NP_001030765.1	NP_566768.1	96.194	289	0	1	1	278	1	289	0.0	553
NP_001030765.1	NP_001326583.1	94.634	205	0	1	1	194	1	205	2.44e-136	383
NP_001030765.1	NP_001321828.1	56.597	288	114	1	1	277	8	295	2.30e-111	323
NP_001030765.1	NP_564030.2	56.597	288	114	1	1	277	67	354	1.34e-110	324
NP_001030766.1	NP_001327446.1	100.000	337	0	0	1	337	5	341	0.0	690
NP_001030766.1	NP_001327445.1	100.000	337	0	0	1	337	5	341	0.0	690
NP_001030766.1	NP_850744.1	100.000	337	0	0	1	337	53	389	0.0	689
NP_001030766.1	NP_189186.1	100.000	337	0	0	1	337	53	389	0.0	689
NP_001030766.1	NP_001030767.1	100.000	337	0	0	1	337	53	389	0.0	689
NP_001030767.1	NP_850744.1	100.000	389	0	0	1	389	1	389	0.0	798
NP_001030767.1	NP_189186.1	100.000	389	0	0	1	389	1	389	0.0	798
NP_001030767.1	NP_001030767.1	100.000	389	0	0	1	389	1	389	0.0	798
NP_001030767.1	NP_172813.1	87.661	389	48	0	1	389	1	389	0.0	717
NP_001030767.1	NP_001327446.1	100.000	341	0	0	49	389	1	341	0.0	696
NP_001030768.1	NP_001030768.1	100.000	160	0	0	1	160	1	160	6.51e-117	327
NP_001030768.1	NP_173939.1	39.130	115	60	2	2	115	47	152	5.91e-20	81.6
NP_001030768.1	NP_001319350.1	41.525	118	48	4	2	114	3	104	1.78e-11	58.9
NP_001030769.1	NP_001030769.1	100.000	544	0	0	1	544	1	544	0.0	1118
NP_001030769.1	NP_189208.1	100.000	526	0	0	1	526	1	526	0.0	1078
NP_001030769.1	NP_189208.1	22.404	366	267	6	173	530	57	413	2.89e-20	94.7
NP_001030769.1	NP_001326959.1	100.000	526	0	0	1	526	1	526	0.0	1078
NP_001030769.1	NP_001326959.1	22.404	366	267	6	173	530	57	413	2.89e-20	94.7
NP_001030769.1	NP_001031035.1	94.007	534	32	0	1	534	1	534	0.0	1039
NP_001030769.1	NP_172790.2	94.106	526	31	0	1	526	1	526	0.0	1026
NP_001030769.1	NP_172790.2	22.314	363	271	4	173	530	57	413	5.43e-20	94.0
NP_001030770.1	NP_189231.1	100.000	510	0	0	1	510	1	510	0.0	1056
NP_001030770.1	NP_001326836.1	100.000	510	0	0	1	510	1	510	0.0	1056
NP_001030770.1	NP_001326835.1	100.000	510	0	0	1	510	1	510	0.0	1056
NP_001030770.1	NP_001030770.1	100.000	510	0	0	1	510	1	510	0.0	1056
NP_001030770.1	NP_001154648.1	86.201	558	0	2	1	510	1	529	0.0	957
NP_001030771.1	NP_001325580.1	100.000	396	0	0	1	396	24	419	0.0	828
NP_001030771.1	NP_001325579.1	100.000	396	0	0	1	396	24	419	0.0	828
NP_001030771.1	NP_566793.1	100.000	396	0	0	1	396	1	396	0.0	826
NP_001030771.1	NP_001030771.1	100.000	396	0	0	1	396	1	396	0.0	826
NP_001030771.1	NP_001078211.1	99.448	362	2	0	1	362	1	362	0.0	753
NP_001030774.1	NP_189309.2	100.000	494	0	0	1	494	1	494	0.0	1007
NP_001030774.1	NP_001030776.2	100.000	494	0	0	1	494	1	494	0.0	1007
NP_001030774.1	NP_001030774.1	100.000	494	0	0	1	494	1	494	0.0	1007
NP_001030774.1	NP_001327171.1	100.000	467	0	0	1	467	1	467	0.0	950
NP_001030774.1	NP_001327170.1	99.407	337	2	0	1	337	1	337	0.0	679
NP_001030776.2	NP_189309.2	100.000	494	0	0	1	494	1	494	0.0	1007
NP_001030776.2	NP_001030776.2	100.000	494	0	0	1	494	1	494	0.0	1007
NP_001030776.2	NP_001030774.1	100.000	494	0	0	1	494	1	494	0.0	1007
NP_001030776.2	NP_001327171.1	100.000	467	0	0	1	467	1	467	0.0	950
NP_001030776.2	NP_001327170.1	99.407	337	2	0	1	337	1	337	0.0	679
NP_001030777.1	NP_850637.1	100.000	649	0	0	1	649	1	649	0.0	1330
NP_001030777.1	NP_566803.1	100.000	649	0	0	1	649	1	649	0.0	1330
NP_001030777.1	NP_001325689.1	100.000	649	0	0	1	649	1	649	0.0	1330
NP_001030777.1	NP_001325688.1	100.000	649	0	0	1	649	1	649	0.0	1330
NP_001030777.1	NP_001118710.1	100.000	649	0	0	1	649	1	649	0.0	1330
NP_001030778.1	NP_001030778.1	100.000	614	0	0	1	614	1	614	0.0	1263
NP_001030778.1	NP_001326313.1	99.836	608	1	0	1	608	1	608	0.0	1250
NP_001030778.1	NP_189326.2	100.000	607	0	0	1	607	1	607	0.0	1248
NP_001030778.1	NP_198926.2	62.857	630	167	19	1	613	2	581	0.0	657
NP_001030778.1	NP_851112.1	62.939	626	166	19	1	609	2	578	0.0	657
NP_001030779.2	NP_189329.3	100.000	359	0	0	1	359	1	359	0.0	735
NP_001030779.2	NP_001030779.2	100.000	359	0	0	1	359	1	359	0.0	735
NP_001030779.2	NP_001327581.1	100.000	277	0	0	83	359	25	301	0.0	566
NP_001030779.2	NP_001327581.1	37.363	91	47	2	1	82	29	118	1.42e-07	52.8
NP_001030779.2	NP_198923.2	62.500	344	98	10	1	328	1	329	6.08e-127	370
NP_001030779.2	NP_565672.1	69.841	189	51	1	1	183	1	189	4.52e-88	272
NP_001030780.1	NP_001325679.1	100.000	516	0	0	1	516	72	587	0.0	1067
NP_001030780.1	NP_189366.1	100.000	516	0	0	1	516	1	516	0.0	1066
NP_001030780.1	NP_001325680.1	100.000	516	0	0	1	516	55	570	0.0	1066
NP_001030780.1	NP_001078214.1	100.000	516	0	0	1	516	1	516	0.0	1066
NP_001030780.1	NP_001030780.1	100.000	516	0	0	1	516	1	516	0.0	1066
NP_001030781.1	NP_001030781.1	100.000	428	0	0	1	428	1	428	0.0	890
NP_001030781.1	NP_189367.1	93.043	460	0	1	1	428	1	460	0.0	875
NP_001030781.1	NP_568298.1	73.626	455	84	5	1	428	1	446	0.0	656
NP_001030781.1	NP_191860.1	30.409	342	158	9	56	395	61	324	7.58e-32	124
NP_001030781.1	NP_187163.1	32.576	264	131	6	134	395	106	324	2.07e-28	115
NP_001030782.2	NP_001030782.2	100.000	96	0	0	1	96	1	96	1.73e-65	192
NP_001030782.2	NP_001325872.1	100.000	91	0	0	1	91	1	91	1.77e-62	185
NP_001030782.2	NP_189370.1	98.913	92	1	0	1	92	1	92	1.02e-61	184
NP_001030782.2	NP_001078215.1	100.000	91	0	0	1	91	1	91	1.85e-61	183
NP_001030783.1	NP_001030783.1	100.000	98	0	0	1	98	1	98	1.14e-69	203
NP_001030783.1	NP_001031354.1	69.474	95	29	0	1	95	1	95	1.54e-45	142
NP_001030783.1	NP_001031414.1	65.625	96	32	1	1	95	1	96	1.11e-39	127
NP_001030783.1	NP_001031616.1	37.500	72	43	2	1	70	1	72	1.62e-06	43.5
NP_001030783.1	NP_001031608.1	32.394	71	45	2	1	69	1	70	9.36e-06	41.2
NP_001030784.1	NP_189395.1	100.000	578	0	0	1	578	1	578	0.0	1198
NP_001030784.1	NP_001030784.1	100.000	578	0	0	1	578	1	578	0.0	1198
NP_001030784.1	NP_199586.1	67.238	467	139	10	118	578	128	586	0.0	609
NP_001030784.1	NP_194391.1	67.627	451	124	8	131	578	75	506	0.0	603
NP_001030784.1	NP_200402.1	61.538	507	158	8	87	578	14	498	0.0	585
NP_001030785.1	NP_001030785.1	100.000	77	0	0	1	77	1	77	3.51e-52	157
NP_001030785.1	NP_001030786.1	74.684	79	18	1	1	77	1	79	1.59e-38	122
NP_001030785.1	NP_001031142.1	46.154	78	35	3	1	74	1	75	8.75e-15	63.2
NP_001030785.1	NP_001031742.1	46.154	65	30	1	1	65	1	60	7.04e-12	55.8
NP_001030786.1	NP_001030786.1	100.000	79	0	0	1	79	1	79	1.60e-54	163
NP_001030786.1	NP_001030785.1	74.684	79	18	1	1	79	1	77	1.63e-38	122
NP_001030786.1	NP_001031142.1	44.304	79	37	3	1	77	1	74	3.46e-13	58.9
NP_001030786.1	NP_001031742.1	43.284	67	31	1	1	67	1	60	5.94e-11	53.5
NP_001030788.2	NP_001030788.2	100.000	316	0	0	1	316	1	316	0.0	620
NP_001030788.2	NP_189446.2	100.000	314	0	0	1	314	1	314	0.0	614
NP_001030788.2	NP_189449.2	89.068	311	34	0	4	314	1	311	2.49e-177	494
NP_001030788.2	NP_566832.1	85.852	311	44	0	4	314	1	311	6.15e-171	478
NP_001030788.2	NP_850642.1	83.601	311	43	1	4	314	1	303	1.04e-162	457
NP_001030789.1	NP_001030789.1	100.000	508	0	0	1	508	1	508	0.0	1041
NP_001030789.1	NP_189495.1	100.000	507	0	0	1	507	1	507	0.0	1039
NP_001030789.1	NP_189492.1	74.414	469	111	4	1	464	1	465	0.0	693
NP_001030789.1	NP_189493.1	72.746	488	111	5	15	496	1	472	0.0	632
NP_001030789.1	NP_198817.1	57.974	464	180	6	1	453	1	460	0.0	535
NP_001030790.3	NP_001030790.3	100.000	476	0	0	1	476	1	476	0.0	981
NP_001030790.3	NP_001154651.1	89.286	476	0	1	1	476	1	425	0.0	852
NP_001030790.3	NP_189510.2	100.000	376	0	0	101	476	1	376	0.0	780
NP_001030790.3	NP_197012.1	71.545	492	110	8	8	473	3	490	0.0	684
NP_001030790.3	NP_186779.1	73.543	446	110	5	36	473	42	487	0.0	655
NP_001030791.1	NP_001030791.1	100.000	444	0	0	1	444	1	444	0.0	908
NP_001030791.1	NP_189518.2	95.045	444	0	1	1	444	1	422	0.0	850
NP_001030792.1	NP_189582.1	100.000	480	0	0	1	480	1	480	0.0	994
NP_001030792.1	NP_001030792.1	100.000	480	0	0	1	480	1	480	0.0	994
NP_001030792.1	NP_198748.1	93.096	478	33	0	1	478	1	478	0.0	940
NP_001030792.1	NP_197053.1	92.083	480	38	0	1	480	1	480	0.0	927
NP_001030792.1	NP_173979.1	84.200	481	75	1	1	480	1	481	0.0	852
NP_001030794.1	NP_189598.1	100.000	231	0	0	1	231	1	231	4.38e-170	468
NP_001030794.1	NP_001078222.1	100.000	231	0	0	1	231	1	231	4.38e-170	468
NP_001030794.1	NP_001030794.1	100.000	231	0	0	1	231	1	231	4.38e-170	468
NP_001030794.1	NP_564956.1	38.384	297	96	6	16	228	46	339	3.83e-50	167
NP_001030794.1	NP_563933.1	67.568	74	24	0	155	228	271	344	8.28e-32	119
NP_001030794.1	NP_563933.1	61.538	91	24	3	11	91	54	143	2.51e-23	96.7
NP_001030795.1	NP_566854.1	100.000	460	0	0	1	460	1	460	0.0	921
NP_001030795.1	NP_001319669.1	100.000	460	0	0	1	460	1	460	0.0	921
NP_001030795.1	NP_001030795.1	100.000	460	0	0	1	460	1	460	0.0	921
NP_001030795.1	NP_001330273.1	79.310	435	88	1	24	456	21	455	0.0	694
NP_001030795.1	NP_198698.1	79.310	435	88	1	24	456	16	450	0.0	694
NP_001030796.1	NP_001030796.1	100.000	502	0	0	1	502	1	502	0.0	1035
NP_001030796.1	NP_179026.1	81.489	497	89	2	2	495	1	497	0.0	812
NP_001030796.1	NP_188731.1	65.278	504	164	6	1	495	1	502	0.0	671
NP_001030796.1	NP_188645.1	65.392	497	164	4	6	495	3	498	0.0	658
NP_001030796.1	NP_001327402.1	66.333	499	162	5	1	494	1	498	0.0	655
NP_001030797.1	NP_001030797.1	100.000	88	0	0	1	88	1	88	1.52e-58	174
NP_001030798.1	NP_974377.1	100.000	100	0	0	1	100	1	100	3.24e-70	204
NP_001030798.1	NP_566862.1	100.000	100	0	0	1	100	1	100	3.24e-70	204
NP_001030798.1	NP_001030798.1	100.000	100	0	0	1	100	1	100	3.24e-70	204
NP_001030798.1	NP_173611.1	95.000	100	3	1	1	100	1	98	6.82e-65	191
NP_001030800.2	NP_001030800.2	100.000	77	0	0	1	77	1	77	3.47e-52	157
NP_001030800.2	NP_973529.1	38.667	75	42	1	1	75	1	71	2.73e-09	48.9
NP_001030800.2	NP_001319225.1	41.333	75	39	2	1	75	1	70	6.05e-07	43.1
NP_001030801.1	NP_001030801.1	100.000	78	0	0	1	78	1	78	1.46e-51	155
NP_001030801.1	NP_001031429.1	45.570	79	37	4	1	77	2	76	1.35e-11	55.1
NP_001030801.1	NP_001032034.1	40.244	82	42	2	1	75	1	82	1.38e-10	52.8
NP_001030801.1	NP_001030763.1	40.323	62	36	1	1	62	1	61	2.96e-07	43.9
NP_001030801.1	NP_001319894.1	33.333	87	42	4	1	76	1	82	3.82e-06	41.2
NP_001030802.1	NP_001030802.1	100.000	76	0	0	1	76	1	76	4.07e-52	157
NP_001030802.1	NP_001030910.1	46.753	77	36	2	1	74	1	75	1.32e-16	67.4
NP_001030802.1	NP_001030912.1	48.718	78	36	3	1	76	1	76	2.89e-16	66.6
NP_001030802.1	NP_001030911.1	42.667	75	40	2	1	74	1	73	3.18e-16	66.6
NP_001030802.1	NP_001030736.1	46.667	75	38	2	2	75	3	76	2.34e-15	64.3
NP_001030803.1	NP_001030803.1	100.000	191	0	0	1	191	1	191	6.52e-134	373
NP_001030803.1	NP_189958.1	98.964	193	0	1	1	191	1	193	5.22e-132	368
NP_001030803.1	NP_565637.1	45.000	100	53	1	31	130	33	130	2.29e-25	97.1
NP_001030803.1	NP_566712.1	33.962	159	88	4	33	185	23	170	1.88e-17	76.3
NP_001030803.1	NP_566126.1	30.366	191	106	6	7	191	9	178	7.69e-17	75.1
NP_001030804.1	NP_001030804.1	100.000	226	0	0	1	226	1	226	2.30e-158	437
NP_001030806.2	NP_001030806.2	100.000	444	0	0	1	444	1	444	0.0	923
NP_001030806.2	NP_189979.3	99.542	437	2	0	1	437	1	437	0.0	905
NP_001030806.2	NP_001327092.1	100.000	283	0	0	1	283	1	283	0.0	587
NP_001030806.2	NP_001318290.1	46.512	473	192	11	1	433	1	452	8.97e-126	375
NP_001030806.2	NP_177856.2	41.573	89	49	1	56	144	184	269	8.51e-12	68.2
NP_001030807.1	NP_001030807.1	100.000	363	0	0	1	363	1	363	0.0	747
NP_001030807.1	NP_180299.1	38.922	334	190	6	21	349	12	336	1.92e-69	221
NP_001030807.1	NP_181153.1	41.009	317	135	10	1	308	1	274	1.10e-59	195
NP_001030808.1	NP_001326944.1	100.000	1069	0	0	1	1069	1	1069	0.0	2159
NP_001030808.1	NP_001030808.1	100.000	1069	0	0	1	1069	1	1069	0.0	2159
NP_001030808.1	NP_566869.1	99.718	1065	3	0	1	1065	1	1065	0.0	2148
NP_001030808.1	NP_001326945.1	99.718	1065	3	0	1	1065	1	1065	0.0	2148
NP_001030808.1	NP_001326943.1	99.718	1065	3	0	1	1065	1	1065	0.0	2148
NP_001030810.1	NP_001030810.1	100.000	80	0	0	1	80	1	80	2.36e-54	163
NP_001030810.1	NP_001032001.1	49.351	77	35	2	1	73	1	77	2.72e-12	57.0
NP_001030811.1	NP_566876.3	100.000	396	0	0	1	396	1	396	0.0	825
NP_001030811.1	NP_001030811.1	100.000	396	0	0	1	396	1	396	0.0	825
NP_001030811.1	NP_001190013.1	99.242	396	0	1	1	396	1	393	0.0	814
NP_001030811.1	NP_200863.2	79.198	399	78	3	1	396	1	397	0.0	627
NP_001030811.1	NP_566130.1	33.846	260	163	3	112	371	23	273	2.43e-46	166
NP_001030812.1	NP_001030812.1	100.000	357	0	0	1	357	1	357	0.0	746
NP_001030812.1	NP_566880.1	99.721	358	0	1	1	357	1	358	0.0	742
NP_001030812.1	NP_001032106.1	86.228	334	46	0	24	357	24	357	0.0	623
NP_001030812.1	NP_568921.1	85.970	335	46	1	24	357	24	358	0.0	619
NP_001030812.1	NP_001078774.1	85.627	327	47	0	24	350	24	350	0.0	602
NP_001030813.1	NP_001030813.1	100.000	118	0	0	1	118	1	118	2.50e-84	241
NP_001030813.1	NP_190145.1	67.424	132	13	2	17	118	1	132	5.13e-53	166
NP_001030813.1	NP_001078245.1	67.424	132	13	2	17	118	1	132	5.13e-53	166
NP_001030813.1	NP_974966.1	55.882	136	30	2	13	118	2	137	6.26e-42	139
NP_001030813.1	NP_200831.1	56.061	132	28	2	17	118	1	132	4.90e-41	136
NP_001030814.1	NP_190164.1	100.000	996	0	0	1	996	1	996	0.0	2065
NP_001030814.1	NP_001030814.1	100.000	996	0	0	1	996	1	996	0.0	2065
NP_001030814.1	NP_851211.1	63.934	793	262	6	180	972	116	884	0.0	1040
NP_001030814.1	NP_851210.1	63.934	793	262	6	180	972	116	884	0.0	1040
NP_001030814.1	NP_001330356.1	63.934	793	262	6	180	972	116	884	0.0	1040
NP_001030815.1	NP_001030815.1	100.000	263	0	0	1	263	1	263	0.0	546
NP_001030815.1	NP_190182.2	100.000	215	0	0	49	263	1	215	6.54e-163	450
NP_001030815.1	NP_190183.1	85.660	265	36	2	1	263	1	265	3.14e-158	440
NP_001030815.1	NP_001327677.1	83.260	227	36	2	39	263	12	238	8.65e-144	403
NP_001030815.1	NP_195553.1	82.449	245	42	1	20	263	21	265	5.90e-139	392
NP_001030816.1	NP_001030816.1	100.000	192	0	0	1	192	1	192	3.78e-144	399
NP_001030816.1	NP_001190018.1	100.000	192	0	0	1	192	45	236	1.89e-143	399
NP_001030816.1	NP_001078249.1	100.000	192	0	0	1	192	35	226	2.02e-143	398
NP_001030816.1	NP_190199.2	100.000	192	0	0	1	192	67	258	9.73e-143	398
NP_001030816.1	NP_851225.1	71.123	187	31	5	1	185	1	166	1.06e-75	225
NP_001030817.1	NP_190207.1	100.000	239	0	0	1	239	1	239	0.0	498
NP_001030817.1	NP_001325681.1	100.000	239	0	0	1	239	1	239	0.0	498
NP_001030817.1	NP_001190019.1	100.000	239	0	0	1	239	1	239	0.0	498
NP_001030817.1	NP_001078250.1	100.000	239	0	0	1	239	1	239	0.0	498
NP_001030817.1	NP_001030819.1	100.000	239	0	0	1	239	1	239	0.0	498
NP_001030818.1	NP_190207.1	100.000	239	0	0	1	239	1	239	0.0	498
NP_001030818.1	NP_001325681.1	100.000	239	0	0	1	239	1	239	0.0	498
NP_001030818.1	NP_001190019.1	100.000	239	0	0	1	239	1	239	0.0	498
NP_001030818.1	NP_001078250.1	100.000	239	0	0	1	239	1	239	0.0	498
NP_001030818.1	NP_001030819.1	100.000	239	0	0	1	239	1	239	0.0	498
NP_001030819.1	NP_190207.1	100.000	239	0	0	1	239	1	239	0.0	498
NP_001030819.1	NP_001325681.1	100.000	239	0	0	1	239	1	239	0.0	498
NP_001030819.1	NP_001190019.1	100.000	239	0	0	1	239	1	239	0.0	498
NP_001030819.1	NP_001078250.1	100.000	239	0	0	1	239	1	239	0.0	498
NP_001030819.1	NP_001030819.1	100.000	239	0	0	1	239	1	239	0.0	498
NP_001030820.1	NP_190228.1	100.000	341	0	0	1	341	1	341	0.0	707
NP_001030820.1	NP_001030820.1	100.000	341	0	0	1	341	1	341	0.0	707
NP_001030820.1	NP_001078768.1	95.588	340	15	0	2	341	18	357	0.0	662
NP_001030820.1	NP_200737.1	95.588	340	15	0	2	341	3	342	0.0	660
NP_001030820.1	NP_001325413.1	95.342	322	15	0	19	340	52	373	0.0	646
NP_001030821.1	NP_001030821.1	100.000	553	0	0	1	553	1	553	0.0	1147
NP_001030821.1	NP_190243.2	99.819	553	0	1	1	553	1	552	0.0	1140
NP_001030821.1	NP_001030822.2	98.915	553	0	1	1	553	1	547	0.0	1127
NP_001030821.1	NP_001326038.1	100.000	512	0	0	42	553	1	512	0.0	1061
NP_001030821.1	NP_001326037.1	99.471	378	2	0	1	378	1	378	0.0	780
NP_001030822.2	NP_001030822.2	100.000	547	0	0	1	547	1	547	0.0	1133
NP_001030822.2	NP_001030821.1	98.915	553	0	1	1	547	1	553	0.0	1127
NP_001030822.2	NP_190243.2	98.734	553	0	2	1	547	1	552	0.0	1120
NP_001030822.2	NP_001326038.1	98.828	512	0	1	42	547	1	512	0.0	1044
NP_001030822.2	NP_001326037.1	97.884	378	2	1	1	372	1	378	0.0	761
NP_001030823.1	NP_190248.1	100.000	323	0	0	1	323	1	323	0.0	663
NP_001030823.1	NP_001030823.1	100.000	323	0	0	1	323	1	323	0.0	663
NP_001030823.1	NP_001319698.1	99.320	294	2	0	1	294	1	294	0.0	604
NP_001030823.1	NP_200765.1	61.027	331	86	10	1	322	1	297	1.15e-116	339
NP_001030823.1	NP_001331374.1	61.027	331	86	10	1	322	1	297	1.15e-116	339
NP_001030824.1	NP_001030824.1	100.000	534	0	0	1	534	1	534	0.0	1082
NP_001030824.1	NP_001326351.1	100.000	533	0	0	1	533	49	581	0.0	1082
NP_001030824.1	NP_190282.2	100.000	533	0	0	1	533	1	533	0.0	1080
NP_001030824.1	NP_001326353.1	100.000	354	0	0	181	534	1	354	0.0	712
NP_001030824.1	NP_001326352.1	100.000	354	0	0	181	534	1	354	0.0	712
NP_001030825.1	NP_190304.1	100.000	476	0	0	1	476	1	476	0.0	976
NP_001030825.1	NP_001030825.1	100.000	476	0	0	1	476	1	476	0.0	976
NP_001030825.1	NP_850662.1	67.195	442	137	6	24	461	41	478	0.0	592
NP_001030825.1	NP_850661.1	67.195	442	137	6	24	461	41	478	0.0	592
NP_001030825.1	NP_190309.1	67.195	442	137	6	24	461	41	478	0.0	592
NP_001030826.1	NP_850665.1	100.000	122	0	0	1	122	1	122	1.18e-86	248
NP_001030826.1	NP_190321.1	100.000	122	0	0	1	122	1	122	1.18e-86	248
NP_001030826.1	NP_001030826.1	100.000	122	0	0	1	122	1	122	1.18e-86	248
NP_001030826.1	NP_201036.1	97.521	121	3	0	2	122	4	124	1.28e-83	240
NP_001030826.1	NP_190089.2	97.521	121	3	0	2	122	4	124	1.28e-83	240
NP_001030827.1	NP_001327094.1	100.000	332	0	0	1	332	1	332	0.0	691
NP_001030827.1	NP_001327093.1	100.000	332	0	0	1	332	1	332	0.0	691
NP_001030827.1	NP_001030827.1	100.000	332	0	0	1	332	1	332	0.0	691
NP_001030827.1	NP_190347.2	99.663	297	1	0	36	332	24	320	0.0	612
NP_001030827.1	NP_001327096.1	100.000	271	0	0	62	332	5	275	0.0	561
NP_001030828.1	NP_001030828.1	100.000	350	0	0	1	350	1	350	0.0	726
NP_001030828.1	NP_190390.1	100.000	318	0	0	1	318	1	318	0.0	656
NP_001030828.1	NP_001326456.1	100.000	301	0	0	50	350	1	301	0.0	628
NP_001030828.1	NP_201096.1	62.315	337	97	11	1	318	1	326	1.13e-120	351
NP_001030828.1	NP_001332200.1	62.315	337	97	11	1	318	1	326	1.13e-120	351
NP_001030829.1	NP_190392.1	100.000	515	0	0	1	515	109	623	0.0	1076
NP_001030829.1	NP_001030829.1	100.000	515	0	0	1	515	1	515	0.0	1074
NP_001030829.1	NP_190391.1	74.379	523	122	4	2	515	110	629	0.0	800
NP_001030829.1	NP_190811.1	23.856	306	183	10	159	448	188	459	3.21e-16	82.0
NP_001030829.1	NP_190811.1	37.333	75	43	1	9	83	112	182	4.27e-09	59.3
NP_001030829.1	NP_568307.3	29.130	230	119	9	280	491	304	507	3.63e-11	65.9
NP_001030829.1	NP_568307.3	34.667	75	45	2	2	76	133	203	2.29e-06	50.8
NP_001030830.1	NP_001030830.1	100.000	80	0	0	1	80	1	80	4.07e-55	165
NP_001030830.1	NP_001031470.1	85.000	80	12	0	1	80	1	80	5.34e-47	144
NP_001030830.1	NP_001031130.1	41.975	81	43	3	1	79	1	79	5.42e-12	56.2
NP_001030830.1	NP_001030632.1	39.506	81	45	3	1	79	1	79	1.27e-11	55.1
NP_001030830.1	NP_187104.2	37.037	81	47	3	1	79	1	79	3.04e-10	51.6
NP_001030831.1	NP_850672.1	100.000	206	0	0	1	206	1	206	4.90e-152	420
NP_001030831.1	NP_190470.1	100.000	206	0	0	1	206	1	206	4.90e-152	420
NP_001030831.1	NP_001327180.1	100.000	206	0	0	1	206	1	206	4.90e-152	420
NP_001030831.1	NP_001327179.1	100.000	206	0	0	1	206	1	206	4.90e-152	420
NP_001030831.1	NP_001030831.1	100.000	206	0	0	1	206	1	206	4.90e-152	420
NP_001030832.1	NP_190498.1	100.000	312	0	0	1	312	1	312	0.0	640
NP_001030832.1	NP_001030832.1	100.000	312	0	0	1	312	1	312	0.0	640
NP_001030832.1	NP_197819.2	82.965	317	47	5	1	312	7	321	0.0	518
NP_001030832.1	NP_001330710.1	82.965	317	47	5	1	312	1	315	0.0	517
NP_001030832.1	NP_001330711.1	80.126	317	42	6	1	312	7	307	2.65e-175	487
NP_001030833.1	NP_190508.1	100.000	353	0	0	1	353	1	353	0.0	729
NP_001030833.1	NP_001325461.1	100.000	353	0	0	1	353	1	353	0.0	729
NP_001030833.1	NP_001030833.1	100.000	353	0	0	1	353	1	353	0.0	729
NP_001030833.1	NP_174556.1	71.062	273	70	4	86	349	82	354	7.13e-136	391
NP_001030833.1	NP_192799.1	70.611	262	74	3	86	344	65	326	1.18e-132	382
NP_001030833.1	NP_192799.1	43.158	95	48	4	262	351	146	239	1.07e-10	62.8
NP_001030834.1	NP_566930.1	100.000	332	0	0	1	332	1	332	0.0	689
NP_001030834.1	NP_001327334.1	100.000	332	0	0	1	332	1	332	0.0	689
NP_001030834.1	NP_001030834.1	100.000	332	0	0	1	332	1	332	0.0	689
NP_001030834.1	NP_190532.2	79.456	331	61	3	1	330	1	325	0.0	545
NP_001030834.1	NP_001325902.1	77.846	325	66	2	6	330	3	321	0.0	531
NP_001030835.1	NP_001030835.1	100.000	228	0	0	1	228	1	228	6.92e-164	451
NP_001030835.1	NP_190661.2	100.000	228	0	0	1	228	52	279	8.20e-164	453
NP_001030835.1	NP_001078807.1	74.074	216	53	2	16	228	12	227	2.07e-111	319
NP_001030835.1	NP_201446.2	74.074	216	53	2	16	228	71	286	9.06e-111	319
NP_001030835.1	NP_001331934.1	74.074	216	53	2	16	228	71	286	9.06e-111	319
NP_001030836.1	NP_001030836.1	100.000	90	0	0	1	90	1	90	3.38e-63	186
NP_001030836.1	NP_001031236.1	35.593	59	38	0	1	59	1	59	6.27e-07	43.9
NP_001030837.1	NP_001030837.1	100.000	256	0	0	1	256	1	256	0.0	529
NP_001030837.1	NP_566553.1	71.315	251	47	3	1	251	1	226	1.58e-117	340
NP_001030837.1	NP_179323.1	49.802	253	120	4	2	251	1	249	1.48e-75	234
NP_001030837.1	NP_566586.1	52.692	260	100	11	2	252	4	249	9.70e-74	229
NP_001030837.1	NP_189999.1	48.963	241	113	7	4	243	6	237	1.09e-62	199
NP_001030838.1	NP_001030838.1	100.000	243	0	0	1	243	1	243	0.0	495
NP_001030838.1	NP_190694.1	97.200	250	0	1	1	243	1	250	3.91e-178	489
NP_001030838.1	NP_201415.1	93.600	250	9	1	1	243	1	250	1.84e-161	447
NP_001030838.1	NP_188850.1	43.000	200	111	3	3	200	4	202	1.46e-54	176
NP_001030838.1	NP_173096.1	38.034	234	134	4	2	226	4	235	1.77e-48	160
NP_001030839.5	NP_001030839.5	100.000	959	0	0	1	959	1	959	0.0	1999
NP_001030839.5	NP_190745.6	100.000	951	0	0	9	959	1	951	0.0	1980
NP_001030839.5	NP_200663.2	54.507	954	384	7	9	954	1	912	0.0	1015
NP_001030839.5	NP_192177.1	52.663	845	387	4	109	952	51	883	0.0	850
NP_001030840.1	NP_190763.1	100.000	540	0	0	1	540	1	540	0.0	1112
NP_001030840.1	NP_001326633.1	100.000	540	0	0	1	540	1	540	0.0	1112
NP_001030840.1	NP_001326632.1	100.000	540	0	0	1	540	1	540	0.0	1112
NP_001030840.1	NP_001030840.1	100.000	540	0	0	1	540	1	540	0.0	1112
NP_001030840.1	NP_001327794.1	61.708	363	89	13	185	540	87	406	3.20e-132	391
NP_001030840.1	NP_001327794.1	85.246	61	9	0	1	61	1	61	3.45e-25	108
NP_001030841.1	NP_566958.3	100.000	253	0	0	1	253	1	253	0.0	508
NP_001030841.1	NP_001030841.1	100.000	253	0	0	1	253	1	253	0.0	508
NP_001030841.1	NP_190806.1	38.547	179	108	1	77	253	117	295	2.83e-41	144
NP_001030841.1	NP_190806.1	30.097	103	69	1	73	172	216	318	2.19e-11	63.2
NP_001030841.1	NP_176208.1	37.879	198	110	2	60	253	65	253	5.59e-39	136
NP_001030841.1	NP_176208.1	35.802	81	52	0	73	153	174	254	4.94e-11	61.6
NP_001030841.1	NP_181259.1	39.153	189	103	1	77	253	92	280	5.72e-37	132
NP_001030841.1	NP_181259.1	38.961	77	47	0	77	153	205	281	2.72e-12	65.5
NP_001030842.1	NP_001030842.1	100.000	292	0	0	1	292	1	292	0.0	608
NP_001030842.1	NP_001326925.1	99.644	281	1	0	1	281	1	281	0.0	584
NP_001030842.1	NP_566960.1	100.000	280	0	0	1	280	1	280	0.0	583
NP_001030842.1	NP_001326924.1	100.000	185	0	0	96	280	1	185	3.01e-137	389
NP_001030842.1	NP_566383.1	41.791	201	115	2	70	269	65	264	7.77e-47	159
NP_001030843.1	NP_001030843.1	100.000	250	0	0	1	250	1	250	0.0	524
NP_001030843.1	NP_190789.3	99.194	248	2	0	1	248	1	248	0.0	517
NP_001030843.1	NP_001030844.1	98.795	249	2	1	1	248	1	249	0.0	513
NP_001030843.1	NP_974346.1	34.437	151	91	3	15	157	68	218	8.38e-21	90.5
NP_001030843.1	NP_188701.2	34.437	151	91	3	15	157	68	218	8.71e-21	90.5
NP_001030844.1	NP_001030844.1	100.000	355	0	0	1	355	1	355	0.0	736
NP_001030844.1	NP_190789.3	99.718	355	0	1	1	355	1	354	0.0	729
NP_001030844.1	NP_001030843.1	98.795	249	2	1	1	249	1	248	0.0	513
NP_001030844.1	NP_188701.2	27.431	288	178	9	15	286	68	340	1.57e-19	89.0
NP_001030844.1	NP_001326771.1	27.431	288	178	9	15	286	68	340	2.36e-19	88.6
NP_001030845.1	NP_001030845.1	100.000	122	0	0	1	122	1	122	6.96e-87	248
NP_001030845.1	NP_190798.1	98.148	108	2	0	1	108	1	108	1.02e-75	222
NP_001030846.1	NP_974417.1	100.000	423	0	0	1	423	1	423	0.0	873
NP_001030846.1	NP_566964.1	100.000	423	0	0	1	423	1	423	0.0	873
NP_001030846.1	NP_001326827.1	100.000	423	0	0	1	423	13	435	0.0	873
NP_001030846.1	NP_001326826.1	100.000	423	0	0	1	423	13	435	0.0	873
NP_001030846.1	NP_001326825.1	100.000	423	0	0	1	423	1	423	0.0	873
NP_001030847.1	NP_190828.2	100.000	524	0	0	1	524	67	590	0.0	1084
NP_001030847.1	NP_001325488.1	100.000	524	0	0	1	524	13	536	0.0	1082
NP_001030847.1	NP_001030847.1	100.000	524	0	0	1	524	1	524	0.0	1082
NP_001030847.1	NP_565837.1	78.585	523	111	1	1	523	69	590	0.0	872
NP_001030847.1	NP_001189881.1	55.962	520	210	10	1	513	68	575	0.0	560
NP_001030848.1	NP_974419.1	100.000	618	0	0	1	618	1	618	0.0	1267
NP_001030848.1	NP_001030848.1	100.000	618	0	0	1	618	1	618	0.0	1264
NP_001030848.1	NP_190832.3	95.146	618	1	1	1	618	1	589	0.0	1187
NP_001030849.1	NP_190834.1	100.000	471	0	0	1	471	1	471	0.0	974
NP_001030849.1	NP_001327786.1	100.000	471	0	0	1	471	1	471	0.0	974
NP_001030849.1	NP_001030849.1	100.000	471	0	0	1	471	1	471	0.0	974
NP_001030849.1	NP_567192.1	46.548	449	223	8	34	471	53	495	2.55e-146	427
NP_001030849.1	NP_001328330.1	46.548	449	223	8	34	471	53	495	2.55e-146	427
NP_001030850.1	NP_190877.1	100.000	1142	0	0	1	1142	1	1142	0.0	2371
NP_001030850.1	NP_001030850.1	100.000	1142	0	0	1	1142	1	1142	0.0	2371
NP_001030850.1	NP_001118648.1	36.364	539	320	8	614	1142	490	1015	7.21e-107	360
NP_001030850.1	NP_188346.2	36.364	539	320	8	614	1142	504	1029	7.89e-107	360
NP_001030850.1	NP_001189915.1	36.364	539	320	8	614	1142	504	1029	7.89e-107	360
NP_001030851.1	NP_190910.1	100.000	287	0	0	1	287	1	287	0.0	577
NP_001030851.1	NP_001030851.1	100.000	287	0	0	1	287	1	287	0.0	577
NP_001030851.1	NP_001323849.1	93.380	287	17	1	1	287	44	328	0.0	541
NP_001030851.1	NP_181254.1	93.380	287	17	1	1	287	1	285	0.0	537
NP_001030851.1	NP_181255.1	90.941	287	24	1	1	287	1	285	0.0	526
NP_001030852.1	NP_001030852.1	100.000	248	0	0	1	248	1	248	0.0	506
NP_001030852.1	NP_190921.2	99.597	248	0	1	1	248	1	247	0.0	500
NP_001030852.1	NP_181275.2	52.482	282	74	12	1	248	1	256	6.57e-79	238
NP_001030852.1	NP_001189699.1	52.837	282	72	13	1	248	1	255	1.44e-78	238
NP_001030852.1	NP_974723.1	77.778	72	13	2	163	234	245	313	4.56e-30	114
NP_001030853.1	NP_850695.2	100.000	467	0	0	1	467	1	467	0.0	967
NP_001030853.1	NP_190925.1	100.000	467	0	0	1	467	1	467	0.0	967
NP_001030853.1	NP_001030853.1	100.000	467	0	0	1	467	1	467	0.0	967
NP_001030853.1	NP_974425.1	100.000	453	0	0	15	467	1	453	0.0	939
NP_001030853.1	NP_001327608.1	100.000	453	0	0	15	467	1	453	0.0	939
NP_001030854.1	NP_190939.1	100.000	459	0	0	1	459	1	459	0.0	948
NP_001030854.1	NP_001319740.1	100.000	459	0	0	1	459	1	459	0.0	948
NP_001030854.1	NP_001030854.1	100.000	459	0	0	1	459	1	459	0.0	948
NP_001030854.1	NP_181291.1	76.596	470	85	10	1	459	1	456	0.0	657
NP_001030854.1	NP_001031503.1	76.596	470	85	10	1	459	1	456	0.0	657
NP_001030855.1	NP_850697.1	100.000	112	0	0	1	112	1	112	6.92e-75	217
NP_001030855.1	NP_001078279.1	100.000	112	0	0	1	112	1	112	6.92e-75	217
NP_001030855.1	NP_001030855.1	100.000	112	0	0	1	112	1	112	6.92e-75	217
NP_001030855.1	NP_181296.1	91.071	112	10	0	1	112	1	112	1.42e-66	196
NP_001030855.1	NP_001078017.1	91.071	112	10	0	1	112	1	112	1.42e-66	196
NP_001030856.1	NP_001030856.1	100.000	442	0	0	1	442	1	442	0.0	901
NP_001030856.1	NP_190974.1	100.000	435	0	0	1	435	1	435	0.0	887
NP_001030856.1	NP_181332.2	58.405	464	146	10	1	437	1	444	3.25e-167	479
NP_001030856.1	NP_001118466.1	58.405	464	146	10	1	437	1	444	3.25e-167	479
NP_001030857.1	NP_001030857.1	100.000	430	0	0	1	430	1	430	0.0	901
NP_001030857.1	NP_191000.3	100.000	429	0	0	1	429	1	429	0.0	899
NP_001030857.1	NP_001325503.1	100.000	332	0	0	99	430	33	364	0.0	699
NP_001030857.1	NP_001325502.1	100.000	332	0	0	99	430	33	364	0.0	699
NP_001030857.1	NP_001319744.1	100.000	289	0	0	142	430	1	289	0.0	609
NP_001030858.1	NP_001030858.1	100.000	1108	0	0	1	1108	1	1108	0.0	2306
NP_001030858.1	NP_680128.1	99.910	1108	0	1	1	1108	1	1107	0.0	2299
NP_001030858.1	NP_001190087.1	98.751	1121	0	2	1	1108	1	1120	0.0	2288
NP_001030860.1	NP_001030860.1	100.000	218	0	0	1	218	1	218	1.09e-163	450
NP_001030860.1	NP_191037.1	95.197	229	0	1	1	218	33	261	2.19e-160	444
NP_001030860.1	NP_001327150.1	92.444	225	4	2	1	214	33	255	2.79e-150	418
NP_001030860.1	NP_565132.2	56.250	96	21	2	1	81	40	129	1.21e-27	106
NP_001030860.1	NP_564127.1	76.923	65	14	1	4	68	43	106	1.54e-27	105
NP_001030861.1	NP_001030861.1	100.000	633	0	0	1	633	1	633	0.0	1312
NP_001030861.1	NP_001326107.1	100.000	633	0	0	1	633	50	682	0.0	1311
NP_001030861.1	NP_974433.2	99.842	633	0	1	1	633	1	632	0.0	1306
NP_001030861.1	NP_001326108.1	99.842	633	0	1	1	633	50	681	0.0	1304
NP_001030861.1	NP_191038.2	93.491	676	0	2	1	633	1	675	0.0	1286
NP_001030862.1	NP_191040.2	100.000	733	0	0	1	733	1	733	0.0	1534
NP_001030862.1	NP_001030862.1	100.000	733	0	0	1	733	1	733	0.0	1534
NP_001030862.1	NP_180399.2	63.108	740	247	6	4	730	7	733	0.0	944
NP_001030862.1	NP_001319993.1	31.836	757	432	16	11	730	7	716	5.77e-121	379
NP_001030862.1	NP_001190769.1	31.836	757	429	17	11	730	7	713	1.19e-120	378
NP_001030863.1	NP_191051.2	100.000	373	0	0	1	373	1	373	0.0	755
NP_001030863.1	NP_001078289.1	100.000	373	0	0	1	373	1	373	0.0	755
NP_001030863.1	NP_001030863.1	100.000	373	0	0	1	373	1	373	0.0	755
NP_001030863.1	NP_192778.2	59.733	375	143	4	1	372	39	408	4.40e-140	404
NP_001030863.1	NP_001319893.1	59.733	375	143	4	1	372	39	408	4.40e-140	404
NP_001030864.1	NP_001030864.1	100.000	353	0	0	1	353	1	353	0.0	741
NP_001030864.1	NP_191068.2	98.584	353	0	1	1	353	116	463	0.0	728
NP_001030864.1	NP_001326792.1	98.584	353	0	1	1	353	32	379	0.0	725
NP_001030864.1	NP_001326791.1	98.584	353	0	1	1	353	32	379	0.0	725
NP_001030864.1	NP_001326790.1	98.584	353	0	1	1	353	1	348	0.0	725
NP_001030865.1	NP_001030865.1	100.000	146	0	0	1	146	1	146	4.58e-105	296
NP_001030865.1	NP_973642.1	65.891	129	35	3	23	146	18	142	1.10e-51	161
NP_001030865.1	NP_001324601.1	65.891	129	35	3	23	146	18	142	1.10e-51	161
NP_001030865.1	NP_850323.2	63.636	99	28	2	23	116	18	113	3.19e-35	119
NP_001030865.1	NP_001324602.1	62.766	94	29	2	58	146	25	117	7.46e-34	115
NP_001030866.1	NP_001030866.1	100.000	165	0	0	1	165	1	165	1.36e-124	347
NP_001030866.1	NP_001118847.1	69.512	164	47	3	1	162	1	163	3.81e-80	234
NP_001030866.1	NP_001078299.1	66.265	166	53	3	1	164	3	167	1.82e-77	228
NP_001030866.1	NP_001118843.1	47.305	167	76	4	1	160	1	162	9.21e-49	155
NP_001030866.1	NP_001078292.1	46.988	166	77	3	1	160	1	161	1.10e-48	155
NP_001030868.1	NP_680133.2	100.000	199	0	0	1	199	1	199	1.37e-146	405
NP_001030868.1	NP_191136.1	100.000	199	0	0	1	199	1	199	1.37e-146	405
NP_001030868.1	NP_001030870.1	100.000	199	0	0	1	199	1	199	1.37e-146	405
NP_001030868.1	NP_001030868.1	100.000	199	0	0	1	199	1	199	1.37e-146	405
NP_001030868.1	NP_001190099.1	85.408	233	0	1	1	199	1	233	1.88e-138	386
NP_001030870.1	NP_680133.2	100.000	199	0	0	1	199	1	199	1.37e-146	405
NP_001030870.1	NP_191136.1	100.000	199	0	0	1	199	1	199	1.37e-146	405
NP_001030870.1	NP_001030870.1	100.000	199	0	0	1	199	1	199	1.37e-146	405
NP_001030870.1	NP_001030868.1	100.000	199	0	0	1	199	1	199	1.37e-146	405
NP_001030870.1	NP_001190099.1	85.408	233	0	1	1	199	1	233	1.88e-138	386
NP_001030871.1	NP_001030871.1	100.000	194	0	0	1	194	1	194	3.21e-144	399
NP_001030871.1	NP_567035.1	99.415	171	1	0	24	194	111	281	1.16e-121	345
NP_001030871.1	NP_974446.1	99.415	171	1	0	24	194	35	205	1.85e-121	342
NP_001030871.1	NP_001319767.1	99.329	149	1	0	24	172	111	259	2.54e-103	299
NP_001030871.1	NP_001327685.1	99.254	134	1	0	24	157	111	244	2.76e-92	270
NP_001030872.1	NP_001030872.1	100.000	240	0	0	1	240	1	240	1.78e-179	492
NP_001030872.1	NP_191178.1	92.683	246	11	2	1	240	45	289	4.25e-157	437
NP_001030872.1	NP_191204.1	85.034	147	19	1	68	214	171	314	9.89e-83	252
NP_001030873.1	NP_191210.2	100.000	257	0	0	1	257	1	257	0.0	526
NP_001030873.1	NP_001326048.1	100.000	257	0	0	1	257	1	257	0.0	526
NP_001030873.1	NP_001326047.1	100.000	257	0	0	1	257	1	257	0.0	526
NP_001030873.1	NP_001326046.1	100.000	257	0	0	1	257	1	257	0.0	526
NP_001030873.1	NP_001030873.1	100.000	257	0	0	1	257	1	257	0.0	526
NP_001030874.1	NP_974448.1	100.000	320	0	0	1	320	1	320	0.0	668
NP_001030874.1	NP_567039.1	100.000	320	0	0	1	320	1	320	0.0	668
NP_001030874.1	NP_001030874.1	100.000	320	0	0	1	320	1	320	0.0	668
NP_001030874.1	NP_973652.1	65.698	344	78	9	1	320	1	328	2.40e-143	407
NP_001030874.1	NP_973651.1	65.698	344	78	9	1	320	1	328	2.40e-143	407
NP_001030875.1	NP_001326687.1	100.000	188	0	0	1	188	1	188	8.62e-138	382
NP_001030875.1	NP_001326686.1	100.000	188	0	0	1	188	1	188	8.62e-138	382
NP_001030875.1	NP_001326685.1	100.000	188	0	0	1	188	1	188	8.62e-138	382
NP_001030875.1	NP_001326684.1	100.000	188	0	0	1	188	1	188	8.62e-138	382
NP_001030875.1	NP_001326683.1	100.000	188	0	0	1	188	1	188	8.62e-138	382
NP_001030876.1	NP_001030876.1	100.000	356	0	0	1	356	1	356	0.0	727
NP_001030876.1	NP_191261.1	96.216	370	0	1	1	356	1	370	0.0	717
NP_001030876.1	NP_191260.1	67.480	369	105	2	1	354	1	369	0.0	525
NP_001030876.1	NP_181662.3	65.064	312	94	2	59	356	84	394	3.66e-148	424
NP_001030876.1	NP_191262.2	46.429	364	170	7	13	354	13	373	2.15e-110	327
NP_001030877.1	NP_001030877.1	100.000	390	0	0	1	390	1	390	0.0	798
NP_001030877.1	NP_567051.1	99.744	390	0	1	1	390	1	389	0.0	791
NP_001030877.1	NP_001325466.1	99.744	390	0	1	1	390	1	389	0.0	791
NP_001030877.1	NP_565961.1	79.897	388	76	2	1	388	1	386	0.0	630
NP_001030877.1	NP_001323632.1	79.897	388	76	2	1	388	1	386	0.0	630
NP_001030878.1	NP_567053.1	100.000	334	0	0	1	334	1	334	0.0	686
NP_001030878.1	NP_001030878.1	100.000	334	0	0	1	334	1	334	0.0	686
NP_001030878.1	NP_191329.1	50.625	320	155	3	14	332	21	338	4.85e-101	301
NP_001030878.1	NP_191330.1	45.697	337	169	5	3	331	14	344	6.83e-101	301
NP_001030878.1	NP_191331.2	45.808	334	168	6	7	333	28	355	4.00e-100	299
NP_001030879.1	NP_191335.1	100.000	378	0	0	1	378	1	378	0.0	786
NP_001030879.1	NP_001319784.1	100.000	378	0	0	1	378	1	378	0.0	786
NP_001030879.1	NP_001030880.1	100.000	378	0	0	1	378	1	378	0.0	786
NP_001030879.1	NP_001030879.1	100.000	378	0	0	1	378	1	378	0.0	786
NP_001030879.1	NP_191333.1	42.287	376	171	11	5	363	9	355	1.13e-80	251
NP_001030880.1	NP_191335.1	100.000	378	0	0	1	378	1	378	0.0	786
NP_001030880.1	NP_001319784.1	100.000	378	0	0	1	378	1	378	0.0	786
NP_001030880.1	NP_001030880.1	100.000	378	0	0	1	378	1	378	0.0	786
NP_001030880.1	NP_001030879.1	100.000	378	0	0	1	378	1	378	0.0	786
NP_001030880.1	NP_191333.1	42.287	376	171	11	5	363	9	355	1.13e-80	251
NP_001030882.1	NP_191372.2	100.000	257	0	0	1	257	1	257	0.0	533
NP_001030882.1	NP_001030882.1	100.000	257	0	0	1	257	1	257	0.0	533
NP_001030882.1	NP_973543.1	88.627	255	24	2	4	257	2	252	8.08e-166	459
NP_001030882.1	NP_001077969.1	88.627	255	24	2	4	257	2	252	8.08e-166	459
NP_001030882.1	NP_001031431.1	88.627	255	24	2	4	257	2	252	8.08e-166	459
NP_001030883.1	NP_191386.1	100.000	343	0	0	1	343	1	343	0.0	696
NP_001030883.1	NP_001327306.1	100.000	343	0	0	1	343	1	343	0.0	696
NP_001030883.1	NP_001030883.1	100.000	343	0	0	1	343	1	343	0.0	696
NP_001030883.1	NP_001326114.1	51.744	344	142	4	1	343	1	321	1.10e-112	330
NP_001030883.1	NP_567063.1	50.578	346	123	3	1	343	1	301	1.11e-111	327
NP_001030884.1	NP_974455.1	100.000	612	0	0	1	612	1	612	0.0	1253
NP_001030884.1	NP_567067.1	100.000	612	0	0	1	612	1	612	0.0	1253
NP_001030884.1	NP_001030884.1	100.000	612	0	0	1	612	1	612	0.0	1253
NP_001030884.1	NP_181780.1	84.828	580	71	7	1	566	1	577	0.0	930
NP_001030884.1	NP_001324554.1	84.828	580	71	7	1	566	1	577	0.0	930
NP_001030885.1	NP_567075.1	100.000	327	0	0	1	327	1	327	0.0	663
NP_001030885.1	NP_001030885.1	100.000	327	0	0	1	327	1	327	0.0	663
NP_001030885.1	NP_001030886.1	100.000	313	0	0	1	313	1	313	0.0	635
NP_001030885.1	NP_001190131.1	100.000	313	0	0	1	313	1	313	0.0	635
NP_001030885.1	NP_191445.1	58.360	317	112	2	1	317	6	302	1.22e-113	337
NP_001030886.1	NP_001030886.1	100.000	314	0	0	1	314	1	314	0.0	637
NP_001030886.1	NP_001190131.1	100.000	314	0	0	1	314	1	314	0.0	636
NP_001030886.1	NP_567075.1	100.000	313	0	0	1	313	1	313	0.0	635
NP_001030886.1	NP_001030885.1	100.000	313	0	0	1	313	1	313	0.0	635
NP_001030886.1	NP_191445.1	58.599	314	110	2	1	314	6	299	3.45e-114	338
NP_001030887.1	NP_001030887.1	100.000	345	0	0	1	345	1	345	0.0	709
NP_001030887.1	NP_191459.2	99.556	225	1	0	121	345	267	491	9.05e-167	474
NP_001030887.1	NP_191459.2	100.000	121	0	0	1	121	1	121	1.09e-76	244
NP_001030887.1	NP_001326205.1	65.700	207	71	0	121	327	242	448	5.28e-96	292
NP_001030887.1	NP_001326205.1	67.033	91	30	0	1	91	1	91	3.29e-30	120
NP_001030887.1	NP_001326203.1	65.700	207	71	0	121	327	242	448	5.28e-96	292
NP_001030887.1	NP_001326203.1	67.033	91	30	0	1	91	1	91	3.29e-30	120
NP_001030887.1	NP_191452.2	65.700	207	71	0	121	327	276	482	2.04e-95	292
NP_001030887.1	NP_191452.2	64.706	119	42	0	1	119	1	119	4.56e-41	150
NP_001030888.1	NP_001030888.1	100.000	1030	0	0	1	1030	1	1030	0.0	2125
NP_001030888.1	NP_191461.2	99.903	1030	0	1	1	1030	1	1029	0.0	2118
NP_001030888.1	NP_180724.2	70.338	1035	300	2	1	1028	1	1035	0.0	1472
NP_001030888.1	NP_173942.2	23.684	608	382	26	12	576	15	583	4.14e-21	100
NP_001030888.1	NP_001189916.1	21.664	637	372	28	23	568	28	628	2.54e-15	81.6
NP_001030889.1	NP_191465.3	100.000	444	0	0	1	444	1	444	0.0	924
NP_001030889.1	NP_001030890.1	100.000	444	0	0	1	444	1	444	0.0	924
NP_001030889.1	NP_001030889.1	100.000	444	0	0	1	444	1	444	0.0	924
NP_001030889.1	NP_851021.1	99.550	444	0	1	1	444	1	442	0.0	915
NP_001030889.1	NP_001323428.1	55.142	457	120	15	8	428	13	420	1.03e-129	382
NP_001030890.1	NP_191465.3	100.000	444	0	0	1	444	1	444	0.0	924
NP_001030890.1	NP_001030890.1	100.000	444	0	0	1	444	1	444	0.0	924
NP_001030890.1	NP_001030889.1	100.000	444	0	0	1	444	1	444	0.0	924
NP_001030890.1	NP_851021.1	99.550	444	0	1	1	444	1	442	0.0	915
NP_001030890.1	NP_001323428.1	55.142	457	120	15	8	428	13	420	1.03e-129	382
NP_001030891.1	NP_001030891.1	100.000	499	0	0	1	499	1	499	0.0	1038
NP_001030891.1	NP_191467.1	93.271	535	0	1	1	499	1	535	0.0	1018
NP_001030891.1	NP_181826.1	68.362	531	119	6	7	499	8	527	0.0	675
NP_001030891.1	NP_189198.1	37.824	386	181	10	161	497	75	450	9.33e-70	230
NP_001030891.1	NP_173922.1	36.427	431	192	15	106	496	95	483	1.53e-60	206
NP_001030892.1	NP_001030892.1	100.000	361	0	0	1	361	1	361	0.0	738
NP_001030892.1	NP_850719.1	99.696	329	1	0	33	361	39	367	0.0	678
NP_001030892.1	NP_567077.1	98.471	327	5	0	33	359	39	365	0.0	666
NP_001030892.1	NP_001325460.1	100.000	305	0	0	57	361	1	305	0.0	627
NP_001030892.1	NP_567636.1	24.830	294	166	8	24	316	44	283	1.83e-13	70.5
NP_001030893.1	NP_567082.2	100.000	408	0	0	1	408	1	408	0.0	849
NP_001030893.1	NP_001030893.1	100.000	408	0	0	1	408	1	408	0.0	849
NP_001030893.1	NP_001325736.1	99.747	396	1	0	13	408	28	423	0.0	822
NP_001030893.1	NP_001325734.1	99.727	366	1	0	1	366	1	366	0.0	765
NP_001030893.1	NP_850720.1	100.000	366	0	0	43	408	1	366	0.0	761
NP_001030895.1	NP_191517.1	100.000	894	0	0	1	894	1	894	0.0	1857
NP_001030895.1	NP_001327143.1	100.000	894	0	0	1	894	1	894	0.0	1857
NP_001030895.1	NP_001030895.1	100.000	894	0	0	1	894	1	894	0.0	1857
NP_001030895.1	NP_001325296.1	66.116	968	218	26	1	893	1	933	0.0	1176
NP_001030895.1	NP_001325295.1	66.116	968	218	26	1	893	1	933	0.0	1176
NP_001030896.1	NP_001030896.1	100.000	1405	0	0	1	1405	1	1405	0.0	2908
NP_001030896.1	NP_001326481.1	100.000	1405	0	0	1	1405	23	1427	0.0	2907
NP_001030896.1	NP_191536.2	100.000	1405	0	0	1	1405	226	1630	0.0	2907
NP_001030896.1	NP_001190138.1	98.874	1421	0	1	1	1405	226	1646	0.0	2895
NP_001030896.1	NP_173177.2	32.168	286	145	11	1	263	242	501	1.59e-23	108
NP_001030897.1	NP_001030897.1	100.000	760	0	0	1	760	1	760	0.0	1555
NP_001030897.1	NP_191541.1	100.000	726	0	0	1	726	1	726	0.0	1481
NP_001030897.1	NP_001327201.1	100.000	726	0	0	1	726	1	726	0.0	1481
NP_001030897.1	NP_001319801.1	100.000	726	0	0	1	726	1	726	0.0	1481
NP_001030897.1	NP_176732.2	63.961	727	239	6	1	726	1	705	0.0	845
NP_001030898.1	NP_850725.1	100.000	439	0	0	1	439	1	439	0.0	912
NP_001030898.1	NP_567089.1	100.000	439	0	0	1	439	1	439	0.0	912
NP_001030898.1	NP_001190139.1	100.000	439	0	0	1	439	1	439	0.0	912
NP_001030898.1	NP_001030898.1	100.000	439	0	0	1	439	1	439	0.0	912
NP_001030898.1	NP_566013.1	83.296	443	68	2	1	439	1	441	0.0	753
NP_001030899.1	NP_001030899.1	100.000	462	0	0	1	462	1	462	0.0	962
NP_001030899.1	NP_001078316.1	97.619	462	0	1	1	462	1	451	0.0	930
NP_001030899.1	NP_191572.1	99.764	423	1	0	40	462	92	514	0.0	883
NP_001030899.1	NP_199277.1	73.839	409	107	0	40	448	93	501	0.0	670
NP_001030899.1	NP_199041.1	74.074	405	105	0	40	444	93	497	0.0	658
NP_001030900.1	NP_001030900.1	100.000	244	0	0	1	244	1	244	0.0	504
NP_001030900.1	NP_850727.1	99.580	238	1	0	7	244	29	266	1.06e-178	491
NP_001030900.1	NP_567097.1	99.580	238	1	0	7	244	29	266	1.06e-178	491
NP_001030900.1	NP_001078320.1	99.580	238	1	0	7	244	29	266	1.06e-178	491
NP_001030900.1	NP_566027.1	85.294	238	35	0	7	244	29	266	4.75e-155	431
NP_001030901.2	NP_974465.2	100.000	324	0	0	1	324	1	324	0.0	659
NP_001030901.2	NP_567099.2	100.000	324	0	0	1	324	1	324	0.0	659
NP_001030901.2	NP_001030901.2	100.000	324	0	0	1	324	1	324	0.0	659
NP_001030901.2	NP_564231.1	38.406	138	63	4	190	322	143	263	2.44e-16	77.8
NP_001030901.2	NP_001322174.1	38.406	138	63	4	190	322	143	263	2.44e-16	77.8
NP_001030902.1	NP_001030902.1	100.000	317	0	0	1	317	1	317	0.0	650
NP_001030902.1	NP_191610.3	99.684	316	1	0	1	316	1	316	0.0	646
NP_001030902.1	NP_001190144.1	92.375	341	1	1	1	316	1	341	0.0	634
NP_001030902.1	NP_194909.2	54.181	299	136	1	19	316	22	320	4.53e-117	343
NP_001030902.1	NP_180624.2	48.387	279	144	0	38	316	6	284	1.81e-91	277
NP_001030903.1	NP_001030903.1	100.000	217	0	0	1	217	1	217	1.54e-162	447
NP_001030903.1	NP_567101.1	99.485	194	1	0	1	194	1	194	9.77e-144	401
NP_001030903.1	NP_001030904.1	98.324	179	3	0	1	179	1	179	1.12e-128	362
NP_001030903.1	NP_182039.1	79.888	179	33	3	17	194	1	177	6.30e-98	285
NP_001030903.1	NP_001324913.1	83.636	165	26	1	17	181	1	164	3.09e-97	282
NP_001030904.1	NP_001030904.1	100.000	230	0	0	1	230	1	230	1.24e-175	481
NP_001030904.1	NP_567101.1	98.324	179	3	0	1	179	1	179	6.97e-130	367
NP_001030904.1	NP_001030903.1	98.324	179	3	0	1	179	1	179	1.18e-128	362
NP_001030904.1	NP_001324913.1	85.535	159	22	1	17	175	1	158	1.26e-96	281
NP_001030904.1	NP_182039.1	85.535	159	22	1	17	175	1	158	1.57e-96	281
NP_001030905.1	NP_001030905.1	100.000	223	0	0	1	223	1	223	5.26e-170	466
NP_001030905.1	NP_191641.1	99.103	223	2	0	1	223	1	223	5.46e-168	461
NP_001030905.1	NP_001190146.1	99.103	223	2	0	1	223	1	223	5.46e-168	461
NP_001030905.1	NP_564149.1	34.109	129	85	0	9	137	2	130	7.80e-20	84.3
NP_001030905.1	NP_565156.1	32.558	129	87	0	9	137	2	130	2.50e-18	80.1
NP_001030907.1	NP_001030907.1	100.000	139	0	0	1	139	1	139	1.09e-100	285
NP_001030907.1	NP_001118526.1	49.640	139	62	3	1	131	1	139	3.36e-46	147
NP_001030907.1	NP_001078058.1	52.143	140	57	4	1	131	1	139	6.20e-46	146
NP_001030907.1	NP_174766.2	50.000	60	30	0	62	121	129	188	2.96e-14	68.2
NP_001030907.1	NP_181765.1	50.000	54	27	0	62	115	108	161	1.38e-13	65.5
NP_001030908.1	NP_191664.1	100.000	510	0	0	1	510	1	510	0.0	1024
NP_001030908.1	NP_001030908.1	100.000	510	0	0	1	510	1	510	0.0	1024
NP_001030908.1	NP_567107.5	73.199	347	27	7	18	364	1	281	1.12e-156	456
NP_001030908.1	NP_567106.5	71.347	349	37	7	18	364	1	288	1.30e-153	452
NP_001030908.1	NP_172041.2	42.640	394	214	8	1	388	1	388	5.12e-102	317
NP_001030908.1	NP_172041.2	35.870	92	58	1	262	352	434	525	1.89e-10	63.9
NP_001030909.1	NP_001030909.1	100.000	74	0	0	1	74	1	74	3.68e-50	152
NP_001030909.1	NP_001032025.1	46.575	73	38	1	1	72	1	73	2.00e-19	74.3
NP_001030909.1	NP_001030911.1	44.737	76	39	3	1	74	1	75	2.24e-16	66.6
NP_001030909.1	NP_001030910.1	46.753	77	38	3	1	74	1	77	2.85e-15	63.9
NP_001030909.1	NP_001032024.1	41.096	73	42	1	1	72	1	73	8.09e-15	62.8
NP_001030910.1	NP_001030910.1	100.000	77	0	0	1	77	1	77	5.03e-53	159
NP_001030910.1	NP_001030911.1	84.416	77	10	1	1	77	1	75	2.88e-43	134
NP_001030910.1	NP_001030736.1	66.667	78	21	3	2	77	3	77	2.56e-27	94.7
NP_001030910.1	NP_001030737.1	60.526	76	26	3	3	77	4	76	1.64e-25	90.1
NP_001030910.1	NP_001030802.1	46.753	77	36	2	1	75	1	74	1.34e-16	67.4
NP_001030911.1	NP_001030911.1	100.000	75	0	0	1	75	1	75	1.10e-51	155
NP_001030911.1	NP_001030910.1	84.416	77	10	1	1	75	1	77	2.80e-43	134
NP_001030911.1	NP_001030736.1	66.216	74	22	2	3	74	4	76	1.01e-29	100
NP_001030911.1	NP_001030737.1	58.108	74	29	2	3	75	4	76	5.46e-27	93.6
NP_001030911.1	NP_001030909.1	44.737	76	39	3	1	75	1	74	2.27e-16	66.6
NP_001030912.1	NP_001030912.1	100.000	76	0	0	1	76	1	76	5.04e-51	154
NP_001030912.1	NP_001030802.1	48.718	78	36	3	1	76	1	76	2.89e-16	66.6
NP_001030912.1	NP_001030911.1	45.455	77	39	3	1	76	1	75	4.63e-15	63.5
NP_001030912.1	NP_001030910.1	46.835	79	37	3	1	76	1	77	3.16e-14	61.6
NP_001030912.1	NP_001031162.1	44.737	76	35	4	1	74	1	71	2.60e-11	53.9
NP_001030914.1	NP_001030914.1	100.000	318	0	0	1	318	1	318	0.0	660
NP_001030914.1	NP_974475.1	100.000	318	0	0	1	318	69	386	0.0	659
NP_001030914.1	NP_567116.1	100.000	295	0	0	1	295	69	363	0.0	610
NP_001030914.1	NP_001327722.1	100.000	295	0	0	1	295	69	363	0.0	607
NP_001030915.1	NP_001030915.1	100.000	56	0	0	1	56	1	56	4.09e-34	110
NP_001030916.1	NP_001030916.1	100.000	584	0	0	1	584	1	584	0.0	1206
NP_001030916.1	NP_567122.1	93.291	626	0	1	1	584	1	626	0.0	1188
NP_001030916.1	NP_850285.1	60.261	307	119	3	3	309	5	308	1.47e-120	373
NP_001030916.1	NP_850285.1	25.728	206	101	3	431	584	505	710	1.17e-09	61.6
NP_001030916.1	NP_190961.2	63.806	268	96	1	3	270	13	279	1.24e-116	362
NP_001030916.1	NP_190961.2	28.191	188	97	2	435	584	512	699	2.70e-13	73.6
NP_001030916.1	NP_001078281.1	63.806	268	96	1	3	270	13	279	1.32e-116	362
NP_001030916.1	NP_001078281.1	28.191	188	97	2	435	584	513	700	2.65e-13	73.6
NP_001030917.1	NP_191831.1	100.000	460	0	0	1	460	1	460	0.0	960
NP_001030917.1	NP_001030917.1	100.000	460	0	0	1	460	1	460	0.0	960
NP_001030917.1	NP_567241.1	82.543	464	74	3	1	460	1	461	0.0	777
NP_001030917.1	NP_196389.1	57.306	438	154	5	10	445	39	445	0.0	529
NP_001030917.1	NP_177578.1	56.364	440	164	5	13	452	42	453	0.0	527
NP_001030918.4	NP_001030918.4	100.000	396	0	0	1	396	1	396	0.0	815
NP_001030918.4	NP_567132.4	100.000	395	0	0	1	395	1	395	0.0	812
NP_001030918.4	NP_001326816.1	59.292	339	126	4	68	396	26	362	3.83e-148	424
NP_001030918.4	NP_191203.2	59.172	338	126	4	68	395	26	361	6.39e-147	422
NP_001030918.4	NP_973650.1	58.982	334	119	5	78	395	32	363	2.00e-141	408
NP_001030921.1	NP_191904.2	100.000	404	0	0	1	404	1	404	0.0	837
NP_001030921.1	NP_001030921.1	100.000	404	0	0	1	404	1	404	0.0	837
NP_001030921.1	NP_001327794.1	99.507	406	0	1	1	404	1	406	0.0	832
NP_001030921.1	NP_001327792.1	99.507	406	0	1	1	404	1	406	0.0	832
NP_001030921.1	NP_001190170.1	99.507	406	0	1	1	404	1	406	0.0	832
NP_001030922.1	NP_680148.1	100.000	248	0	0	1	248	1	248	0.0	527
NP_001030922.1	NP_001030922.1	100.000	248	0	0	1	248	1	248	0.0	527
NP_001030922.1	NP_566651.1	54.054	111	48	2	131	241	225	332	1.43e-34	127
NP_001030922.1	NP_200027.2	45.714	105	49	2	146	242	175	279	4.20e-25	100
NP_001030922.1	NP_190302.1	45.833	96	47	3	147	240	114	206	3.15e-21	88.6
NP_001030923.1	NP_001030923.1	100.000	191	0	0	1	191	1	191	1.14e-139	387
NP_001030923.1	NP_001318899.1	100.000	170	0	0	1	170	1	170	2.78e-122	345
NP_001030923.1	NP_001321776.1	100.000	123	0	0	48	170	1	123	1.55e-82	243
NP_001030923.1	NP_001321777.1	100.000	122	0	0	49	170	40	161	4.39e-81	241
NP_001030923.1	NP_001321775.1	100.000	122	0	0	49	170	40	161	4.39e-81	241
NP_001030924.1	NP_849568.1	100.000	645	0	0	1	645	1	645	0.0	1345
NP_001030924.1	NP_171614.1	100.000	645	0	0	1	645	1	645	0.0	1345
NP_001030924.1	NP_001320629.1	100.000	645	0	0	1	645	1	645	0.0	1345
NP_001030924.1	NP_001320627.1	100.000	645	0	0	1	645	1	645	0.0	1345
NP_001030924.1	NP_001030924.1	100.000	645	0	0	1	645	1	645	0.0	1345
NP_001030925.1	NP_001030925.1	100.000	294	0	0	1	294	1	294	0.0	603
NP_001030925.1	NP_171616.1	99.660	294	0	1	1	294	1	293	0.0	597
NP_001030925.1	NP_001320997.1	99.638	276	0	1	1	276	1	275	0.0	562
NP_001030925.1	NP_176208.1	34.783	207	120	4	80	285	58	250	2.92e-28	109
NP_001030925.1	NP_199836.1	30.508	295	175	7	8	292	13	287	1.87e-27	108
NP_001030926.1	NP_171625.1	100.000	83	0	0	1	83	1	83	6.89e-57	169
NP_001030926.1	NP_001030926.1	100.000	83	0	0	1	83	1	83	6.89e-57	169
NP_001030926.1	NP_191995.1	75.641	78	19	0	6	83	3	80	1.18e-41	131
NP_001030927.1	NP_563627.1	100.000	178	0	0	1	178	1	178	3.65e-131	365
NP_001030927.1	NP_001322868.1	100.000	178	0	0	1	178	1	178	3.65e-131	365
NP_001030927.1	NP_001322867.1	100.000	178	0	0	1	178	1	178	3.65e-131	365
NP_001030927.1	NP_001030927.1	100.000	178	0	0	1	178	1	178	3.65e-131	365
NP_001030927.1	NP_173418.1	55.769	104	44	1	71	174	34	135	7.62e-33	114
NP_001030928.1	NP_171656.1	100.000	177	0	0	1	177	1	177	4.17e-124	347
NP_001030928.1	NP_001030928.1	100.000	177	0	0	1	177	1	177	4.17e-124	347
NP_001030928.1	NP_001321839.1	100.000	175	0	0	3	177	30	204	7.78e-123	345
NP_001030928.1	NP_001321838.1	100.000	144	0	0	34	177	1	144	1.17e-98	281
NP_001030928.1	NP_001323353.1	43.011	93	46	2	1	86	1	93	1.80e-14	66.6
NP_001030929.1	NP_563630.1	100.000	349	0	0	1	349	1	349	0.0	709
NP_001030929.1	NP_001030929.1	100.000	349	0	0	1	349	1	349	0.0	709
NP_001030929.1	NP_566063.1	62.575	334	117	2	1	327	1	333	2.79e-147	419
NP_001030929.1	NP_192045.2	56.119	335	127	5	16	338	10	336	7.01e-120	350
NP_001030929.1	NP_191709.5	41.573	178	86	4	8	183	15	176	8.65e-34	126
NP_001030930.1	NP_171671.2	100.000	398	0	0	1	398	143	540	0.0	805
NP_001030930.1	NP_001323100.1	100.000	398	0	0	1	398	1	398	0.0	801
NP_001030930.1	NP_001318903.1	100.000	398	0	0	1	398	1	398	0.0	801
NP_001030930.1	NP_001030930.1	100.000	398	0	0	1	398	1	398	0.0	801
NP_001030930.1	NP_564815.1	74.185	399	99	3	1	398	144	539	0.0	600
NP_001030932.1	NP_001030932.1	100.000	303	0	0	1	303	1	303	0.0	622
NP_001030932.1	NP_849575.1	100.000	300	0	0	1	300	1	300	0.0	619
NP_001030932.1	NP_563640.1	100.000	300	0	0	1	300	1	300	0.0	619
NP_001030932.1	NP_001077445.1	100.000	300	0	0	1	300	1	300	0.0	619
NP_001030932.1	NP_001117212.1	100.000	173	0	0	128	300	24	196	1.40e-125	358
NP_001030933.1	NP_001030933.1	100.000	547	0	0	1	547	1	547	0.0	1129
NP_001030933.1	NP_171694.3	95.105	572	3	2	1	547	1	572	0.0	1105
NP_001030933.1	NP_001322377.1	100.000	503	0	0	1	503	1	503	0.0	1036
NP_001030933.1	NP_001322376.1	100.000	497	0	0	51	547	7	503	0.0	1025
NP_001030933.1	NP_001322378.1	99.770	434	1	0	1	434	1	434	0.0	899
NP_001030934.1	NP_001030934.1	100.000	345	0	0	1	345	1	345	0.0	703
NP_001030934.1	NP_171763.1	88.689	389	0	1	1	345	1	389	0.0	682
NP_001030934.1	NP_564987.2	38.636	396	174	7	15	345	59	450	1.39e-76	242
NP_001030934.1	NP_176357.2	29.493	217	148	3	1	216	1	213	6.73e-27	110
NP_001030934.1	NP_176357.2	38.776	98	49	4	253	345	321	412	1.50e-07	53.1
NP_001030934.1	NP_192421.1	30.500	200	137	2	20	218	19	217	8.19e-25	104
NP_001030934.1	NP_192421.1	33.628	113	63	4	238	345	307	412	2.93e-06	49.3
